alturaRetangulo	 maximoAltura	 minimoAltura	 presenteMetade	 p	 pV	 novaAltura***	 variacPercAlt	 percentAltur	 s	 e	 pp	 comparatMet	 metaAltura***	 novoComparaMetade
1.000000e-05	 1.000000e-05	 1.000000e-05	 1.000000e-05	 1	 1	 1.000000e-05	 1.000000e-05	 1.000000e-05	 1	 1	 1	 1.000000e-05	 1.000000e-05	 1.000000e-05	 
 7.765130e-03	 1.293169e-02	 1.507997e-03	 7.219844e-03	 1	 1	 1.080192e-02	 3.910798e-01	 1.075526e+00	 36	 60	 1	 6.683855e-01	 7.219844e-03	 
 7.765130e-03	 1.293169e-02	 1.507997e-03	 7.219844e-03	 1	 1	 8.168752e-03	 5.197876e-02	 1.075526e+00	 36	 60	 1	 8.838369e-01	 7.219844e-03	 
 7.765130e-03	 1.293169e-02	 1.507997e-03	 7.219844e-03	 1	 1	 1.259524e-02	 6.220251e-01	 1.075526e+00	 36	 60	 1	 5.732202e-01	 7.219844e-03	 
 7.765130e-03	 1.293169e-02	 1.507997e-03	 7.219844e-03	 1	 1	 9.148168e-03	 1.781088e-01	 1.075526e+00	 36	 60	 1	 7.892120e-01	 7.219844e-03	 
 7.765130e-03	 1.293169e-02	 1.507997e-03	 7.219844e-03	 1	 1	 8.560002e-03	 1.023642e-01	 1.075526e+00	 36	 60	 1	 8.434396e-01	 7.219844e-03	 
 7.765130e-03	 1.293169e-02	 1.507997e-03	 7.219844e-03	 1	 1	 9.369815e-03	 2.066527e-01	 1.075526e+00	 36	 60	 1	 7.705428e-01	 7.219844e-03	 
 7.765130e-03	 1.293169e-02	 1.507997e-03	 7.219844e-03	 1	 1	 1.187137e-02	 5.288048e-01	 1.075526e+00	 36	 60	 1	 6.081729e-01	 7.219844e-03	 
 7.765130e-03	 1.293169e-02	 1.507997e-03	 7.219844e-03	 1	 1	 1.067182e-02	 3.743264e-01	 1.075526e+00	 36	 60	 1	 6.765333e-01	 7.219844e-03	 
 7.765130e-03	 1.293169e-02	 1.507997e-03	 7.219844e-03	 1	 0	 7.462707e-03	 3.894631e-02	 1.075526e+00	 36	 60	 1	 9.674565e-01	 7.219844e-03	 
 7.765130e-03	 1.293169e-02	 1.507997e-03	 7.219844e-03	 1	 0	 7.366493e-03	 5.133688e-02	 1.075526e+00	 36	 60	 1	 9.800925e-01	 7.219844e-03	 
 7.765130e-03	 1.293169e-02	 1.507997e-03	 7.219844e-03	 1	 1	 1.005543e-02	 2.949473e-01	 1.075526e+00	 36	 60	 1	 7.180042e-01	 7.219844e-03	 
 7.765130e-03	 1.293169e-02	 1.507997e-03	 7.219844e-03	 1	 1	 1.181775e-02	 5.218992e-01	 1.075526e+00	 36	 60	 1	 6.109325e-01	 7.219844e-03	 
 7.765130e-03	 1.293169e-02	 1.507997e-03	 7.219844e-03	 1	 1	 1.134202e-02	 4.606351e-01	 1.075526e+00	 36	 60	 1	 6.365571e-01	 7.219844e-03	 
 7.765130e-03	 1.293169e-02	 1.507997e-03	 7.219844e-03	 1	 1	 8.904505e-03	 1.467297e-01	 1.075526e+00	 36	 60	 1	 8.108080e-01	 7.219844e-03	 
 7.765130e-03	 1.293169e-02	 1.507997e-03	 7.219844e-03	 1	 1	 8.990163e-03	 1.577608e-01	 1.075526e+00	 36	 60	 1	 8.030827e-01	 7.219844e-03	 
 7.765130e-03	 1.293169e-02	 1.507997e-03	 7.219844e-03	 1	 1	 1.261466e-02	 6.245260e-01	 1.075526e+00	 36	 60	 1	 5.723378e-01	 7.219844e-03	 
 7.765130e-03	 1.293169e-02	 1.507997e-03	 7.219844e-03	 1	 1	 9.956858e-03	 2.822525e-01	 1.075526e+00	 36	 60	 1	 7.251127e-01	 7.219844e-03	 
 7.765130e-03	 1.293169e-02	 1.507997e-03	 7.219844e-03	 1	 1	 9.257781e-03	 1.922249e-01	 1.075526e+00	 36	 60	 1	 7.798677e-01	 7.219844e-03	 
 7.765130e-03	 1.293169e-02	 1.507997e-03	 7.219844e-03	 1	 1	 1.280960e-02	 6.496305e-01	 1.075526e+00	 36	 60	 1	 5.636278e-01	 7.219844e-03	 
 7.765130e-03	 1.293169e-02	 1.507997e-03	 7.219844e-03	 1	 1	 8.159322e-03	 5.076441e-02	 1.075526e+00	 36	 60	 1	 8.848583e-01	 7.219844e-03	 
 7.765130e-03	 1.293169e-02	 1.507997e-03	 7.219844e-03	 1	 1	 1.017659e-02	 3.105494e-01	 1.075526e+00	 36	 60	 1	 7.094564e-01	 7.219844e-03	 
 7.765130e-03	 1.293169e-02	 1.507997e-03	 7.219844e-03	 1	 1	 1.057113e-02	 3.613593e-01	 1.075526e+00	 36	 60	 1	 6.829774e-01	 7.219844e-03	 
 7.765130e-03	 1.293169e-02	 1.507997e-03	 7.219844e-03	 1	 1	 1.130458e-02	 4.558139e-01	 1.075526e+00	 36	 60	 1	 6.386652e-01	 7.219844e-03	 
 7.765130e-03	 1.293169e-02	 1.507997e-03	 7.219844e-03	 1	 1	 9.423779e-03	 2.136022e-01	 1.075526e+00	 36	 60	 1	 7.661305e-01	 7.219844e-03	 
 7.765130e-03	 1.293169e-02	 1.507997e-03	 7.219844e-03	 1	 1	 1.257715e-02	 6.196966e-01	 1.075526e+00	 36	 60	 1	 5.740443e-01	 7.219844e-03	 
 7.765130e-03	 1.293169e-02	 1.507997e-03	 7.219844e-03	 1	 0	 7.482500e-03	 3.639733e-02	 1.075526e+00	 36	 60	 1	 9.648973e-01	 7.219844e-03	 
 7.765130e-03	 1.293169e-02	 1.507997e-03	 7.219844e-03	 1	 1	 1.161071e-02	 4.952366e-01	 1.075526e+00	 36	 60	 1	 6.218264e-01	 7.219844e-03	 
 7.765130e-03	 1.293169e-02	 1.507997e-03	 7.219844e-03	 1	 1	 1.254902e-02	 6.160733e-01	 1.075526e+00	 36	 60	 1	 5.753313e-01	 7.219844e-03	 
 7.765130e-03	 1.293169e-02	 1.507997e-03	 7.219844e-03	 1	 1	 1.063881e-02	 3.700749e-01	 1.075526e+00	 36	 60	 1	 6.786327e-01	 7.219844e-03	 
 7.765130e-03	 1.293169e-02	 1.507997e-03	 7.219844e-03	 1	 1	 1.076189e-02	 3.859253e-01	 1.075526e+00	 36	 60	 1	 6.708714e-01	 7.219844e-03	 
 7.765130e-03	 1.293169e-02	 1.507997e-03	 7.219844e-03	 1	 1	 8.105598e-03	 4.384580e-02	 1.075526e+00	 36	 60	 1	 8.907231e-01	 7.219844e-03	 
 7.765130e-03	 1.293169e-02	 1.507997e-03	 7.219844e-03	 1	 1	 9.222542e-03	 1.876868e-01	 1.075526e+00	 36	 60	 1	 7.828475e-01	 7.219844e-03	 
 7.765130e-03	 1.293169e-02	 1.507997e-03	 7.219844e-03	 1	 1	 1.194435e-02	 5.382036e-01	 1.075526e+00	 36	 60	 1	 6.044568e-01	 7.219844e-03	 
 7.765130e-03	 1.293169e-02	 1.507997e-03	 7.219844e-03	 1	 1	 8.168707e-03	 5.197296e-02	 1.075526e+00	 36	 60	 1	 8.838417e-01	 7.219844e-03	 
 7.765130e-03	 1.293169e-02	 1.507997e-03	 7.219844e-03	 1	 1	 1.199609e-02	 5.448660e-01	 1.075526e+00	 36	 60	 1	 6.018500e-01	 7.219844e-03	 
 7.765130e-03	 1.293169e-02	 1.507997e-03	 7.219844e-03	 1	 1	 1.271525e-02	 6.374811e-01	 1.075526e+00	 36	 60	 1	 5.678097e-01	 7.219844e-03	 
 7.765130e-03	 1.293169e-02	 1.507997e-03	 7.219844e-03	 1	 1	 1.263341e-02	 6.269415e-01	 1.075526e+00	 36	 60	 1	 5.714880e-01	 7.219844e-03	 
 7.765130e-03	 1.293169e-02	 1.507997e-03	 7.219844e-03	 1	 0	 7.636028e-03	 1.662593e-02	 1.075526e+00	 36	 60	 1	 9.454974e-01	 7.219844e-03	 
 7.765130e-03	 1.293169e-02	 1.507997e-03	 7.219844e-03	 1	 1	 1.217547e-02	 5.679673e-01	 1.075526e+00	 36	 60	 1	 5.929828e-01	 7.219844e-03	 
 7.765130e-03	 1.293169e-02	 1.507997e-03	 7.219844e-03	 1	 1	 1.075842e-02	 3.854780e-01	 1.075526e+00	 36	 60	 1	 6.710880e-01	 7.219844e-03	 
 7.765130e-03	 1.293169e-02	 1.507997e-03	 7.219844e-03	 1	 1	 1.134374e-02	 4.608564e-01	 1.075526e+00	 36	 60	 1	 6.364607e-01	 7.219844e-03	 
 7.765130e-03	 1.293169e-02	 1.507997e-03	 7.219844e-03	 1	 1	 1.153619e-02	 4.856405e-01	 1.075526e+00	 36	 60	 1	 6.258429e-01	 7.219844e-03	 
 7.765130e-03	 1.293169e-02	 1.507997e-03	 7.219844e-03	 1	 1	 8.965078e-03	 1.545303e-01	 1.075526e+00	 36	 60	 1	 8.053298e-01	 7.219844e-03	 
 7.765130e-03	 1.293169e-02	 1.507997e-03	 7.219844e-03	 1	 1	 1.090952e-02	 4.049367e-01	 1.075526e+00	 36	 60	 1	 6.617932e-01	 7.219844e-03	 
 7.765130e-03	 1.293169e-02	 1.507997e-03	 7.219844e-03	 1	 1	 1.161960e-02	 4.963814e-01	 1.075526e+00	 36	 60	 1	 6.213507e-01	 7.219844e-03	 
 7.765130e-03	 1.293169e-02	 1.507997e-03	 7.219844e-03	 1	 1	 1.008048e-02	 2.981723e-01	 1.075526e+00	 36	 60	 1	 7.162205e-01	 7.219844e-03	 
 7.765130e-03	 1.293169e-02	 1.507997e-03	 7.219844e-03	 1	 1	 8.196130e-03	 5.550450e-02	 1.075526e+00	 36	 60	 1	 8.808846e-01	 7.219844e-03	 
 7.765130e-03	 1.293169e-02	 1.507997e-03	 7.219844e-03	 1	 1	 9.469331e-03	 2.194684e-01	 1.075526e+00	 36	 60	 1	 7.624450e-01	 7.219844e-03	 
 7.765130e-03	 1.293169e-02	 1.507997e-03	 7.219844e-03	 1	 1	 8.530878e-03	 9.861363e-02	 1.075526e+00	 36	 60	 1	 8.463190e-01	 7.219844e-03	 
 7.765130e-03	 1.293169e-02	 1.507997e-03	 7.219844e-03	 1	 1	 8.997686e-03	 1.587296e-01	 1.075526e+00	 36	 60	 1	 8.024112e-01	 7.219844e-03	 
 7.765130e-03	 1.293169e-02	 1.507997e-03	 7.219844e-03	 1	 1	 1.271970e-02	 6.380538e-01	 1.075526e+00	 36	 60	 1	 5.676111e-01	 7.219844e-03	 
 7.765130e-03	 1.293169e-02	 1.507997e-03	 7.219844e-03	 1	 1	 9.657918e-03	 2.437549e-01	 1.075526e+00	 36	 60	 1	 7.475570e-01	 7.219844e-03	 
 7.765130e-03	 1.293169e-02	 1.507997e-03	 7.219844e-03	 1	 1	 1.085096e-02	 3.973963e-01	 1.075526e+00	 36	 60	 1	 6.653643e-01	 7.219844e-03	 
 7.765130e-03	 1.293169e-02	 1.507997e-03	 7.219844e-03	 1	 1	 1.021368e-02	 3.153264e-01	 1.075526e+00	 36	 60	 1	 7.068798e-01	 7.219844e-03	 
 7.765130e-03	 1.293169e-02	 1.507997e-03	 7.219844e-03	 1	 1	 7.807434e-03	 5.447969e-03	 1.075526e+00	 36	 60	 1	 9.247397e-01	 7.219844e-03	 
 7.765130e-03	 1.293169e-02	 1.507997e-03	 7.219844e-03	 1	 1	 8.842176e-03	 1.387029e-01	 1.075526e+00	 36	 60	 1	 8.165234e-01	 7.219844e-03	 
 7.765130e-03	 1.293169e-02	 1.507997e-03	 7.219844e-03	 1	 0	 7.699457e-03	 8.457466e-03	 1.075526e+00	 36	 60	 1	 9.377082e-01	 7.219844e-03	 
 7.765130e-03	 1.293169e-02	 1.507997e-03	 7.219844e-03	 1	 1	 1.061706e-02	 3.672733e-01	 1.075526e+00	 36	 60	 1	 6.800232e-01	 7.219844e-03	 
 7.765130e-03	 1.293169e-02	 1.507997e-03	 7.219844e-03	 1	 1	 1.024893e-02	 3.198657e-01	 1.075526e+00	 36	 60	 1	 7.044487e-01	 7.219844e-03	 
 7.765130e-03	 1.293169e-02	 1.507997e-03	 7.219844e-03	 1	 1	 1.151087e-02	 4.823791e-01	 1.075526e+00	 36	 60	 1	 6.272199e-01	 7.219844e-03	 
 7.765130e-03	 1.293169e-02	 1.507997e-03	 7.219844e-03	 1	 1	 1.146084e-02	 4.759361e-01	 1.075526e+00	 36	 60	 1	 6.299579e-01	 7.219844e-03	 
 7.765130e-03	 1.293169e-02	 1.507997e-03	 7.219844e-03	 1	 1	 9.197617e-03	 1.844769e-01	 1.075526e+00	 36	 60	 1	 7.849690e-01	 7.219844e-03	 
 7.765130e-03	 1.293169e-02	 1.507997e-03	 7.219844e-03	 1	 1	 1.011506e-02	 3.026262e-01	 1.075526e+00	 36	 60	 1	 7.137716e-01	 7.219844e-03	 
 7.765130e-03	 1.293169e-02	 1.507997e-03	 7.219844e-03	 1	 1	 1.249986e-02	 6.097431e-01	 1.075526e+00	 36	 60	 1	 5.775938e-01	 7.219844e-03	 
 7.765130e-03	 1.293169e-02	 1.507997e-03	 7.219844e-03	 1	 1	 1.169927e-02	 5.066423e-01	 1.075526e+00	 36	 60	 1	 6.171190e-01	 7.219844e-03	 
 7.765130e-03	 1.293169e-02	 1.507997e-03	 7.219844e-03	 1	 1	 1.120090e-02	 4.424619e-01	 1.075526e+00	 36	 60	 1	 6.445769e-01	 7.219844e-03	 
 7.765130e-03	 1.293169e-02	 1.507997e-03	 7.219844e-03	 1	 1	 1.248768e-02	 6.081745e-01	 1.075526e+00	 36	 60	 1	 5.781572e-01	 7.219844e-03	 
 7.765130e-03	 1.293169e-02	 1.507997e-03	 7.219844e-03	 1	 1	 1.256811e-02	 6.185323e-01	 1.075526e+00	 36	 60	 1	 5.744573e-01	 7.219844e-03	 
 7.765130e-03	 1.293169e-02	 1.507997e-03	 7.219844e-03	 1	 1	 1.203145e-02	 5.494205e-01	 1.075526e+00	 36	 60	 1	 6.000809e-01	 7.219844e-03	 
 7.765130e-03	 1.293169e-02	 1.507997e-03	 7.219844e-03	 1	 1	 1.061111e-02	 3.665075e-01	 1.075526e+00	 36	 60	 1	 6.804043e-01	 7.219844e-03	 
 7.765130e-03	 1.293169e-02	 1.507997e-03	 7.219844e-03	 1	 1	 9.561255e-03	 2.313064e-01	 1.075526e+00	 36	 60	 1	 7.551147e-01	 7.219844e-03	 
 7.765130e-03	 1.293169e-02	 1.507997e-03	 7.219844e-03	 1	 1	 8.765966e-03	 1.288885e-01	 1.075526e+00	 36	 60	 1	 8.236222e-01	 7.219844e-03	 
 7.765130e-03	 1.293169e-02	 1.507997e-03	 7.219844e-03	 1	 0	 7.245401e-03	 6.693115e-02	 1.075526e+00	 36	 60	 1	 9.964727e-01	 7.219844e-03	 
 7.765130e-03	 1.293169e-02	 1.507997e-03	 7.219844e-03	 1	 1	 9.244806e-03	 1.905539e-01	 1.075526e+00	 36	 60	 1	 7.809622e-01	 7.219844e-03	 
 7.765130e-03	 1.293169e-02	 1.507997e-03	 7.219844e-03	 1	 1	 9.873492e-03	 2.715166e-01	 1.075526e+00	 36	 60	 1	 7.312351e-01	 7.219844e-03	 
 7.765130e-03	 1.293169e-02	 1.507997e-03	 7.219844e-03	 1	 1	 1.048138e-02	 3.498010e-01	 1.075526e+00	 36	 60	 1	 6.888257e-01	 7.219844e-03	 
 7.765130e-03	 1.293169e-02	 1.507997e-03	 7.219844e-03	 1	 1	 1.159428e-02	 4.931217e-01	 1.075526e+00	 36	 60	 1	 6.227072e-01	 7.219844e-03	 
 7.765130e-03	 1.293169e-02	 1.507997e-03	 7.219844e-03	 1	 0	 7.640973e-03	 1.598910e-02	 1.075526e+00	 36	 60	 1	 9.448855e-01	 7.219844e-03	 
 7.765130e-03	 1.293169e-02	 1.507997e-03	 7.219844e-03	 1	 1	 8.675803e-03	 1.172772e-01	 1.075526e+00	 36	 60	 1	 8.321817e-01	 7.219844e-03	 
 7.765130e-03	 1.293169e-02	 1.507997e-03	 7.219844e-03	 1	 1	 8.367266e-03	 7.754354e-02	 1.075526e+00	 36	 60	 1	 8.628678e-01	 7.219844e-03	 
 7.765130e-03	 1.293169e-02	 1.507997e-03	 7.219844e-03	 1	 1	 9.304954e-03	 1.982998e-01	 1.075526e+00	 36	 60	 1	 7.759140e-01	 7.219844e-03	 
 7.765130e-03	 1.293169e-02	 1.507997e-03	 7.219844e-03	 1	 1	 1.037441e-02	 3.360254e-01	 1.075526e+00	 36	 60	 1	 6.959281e-01	 7.219844e-03	 
 7.765130e-03	 1.293169e-02	 1.507997e-03	 7.219844e-03	 1	 1	 1.006630e-02	 2.963465e-01	 1.075526e+00	 36	 60	 1	 7.172292e-01	 7.219844e-03	 
 7.765130e-03	 1.293169e-02	 1.507997e-03	 7.219844e-03	 1	 1	 1.191917e-02	 5.349602e-01	 1.075526e+00	 36	 60	 1	 6.057340e-01	 7.219844e-03	 
 7.765130e-03	 1.293169e-02	 1.507997e-03	 7.219844e-03	 1	 1	 1.074259e-02	 3.834400e-01	 1.075526e+00	 36	 60	 1	 6.720766e-01	 7.219844e-03	 
 7.765130e-03	 1.293169e-02	 1.507997e-03	 7.219844e-03	 1	 1	 1.052170e-02	 3.549934e-01	 1.075526e+00	 36	 60	 1	 6.861861e-01	 7.219844e-03	 
 7.765130e-03	 1.293169e-02	 1.507997e-03	 7.219844e-03	 1	 1	 1.265934e-02	 6.302811e-01	 1.075526e+00	 36	 60	 1	 5.703174e-01	 7.219844e-03	 
 7.765130e-03	 1.293169e-02	 1.507997e-03	 7.219844e-03	 1	 1	 1.146014e-02	 4.758468e-01	 1.075526e+00	 36	 60	 1	 6.299960e-01	 7.219844e-03	 
 7.765130e-03	 1.293169e-02	 1.507997e-03	 7.219844e-03	 1	 1	 1.094157e-02	 4.090640e-01	 1.075526e+00	 36	 60	 1	 6.598548e-01	 7.219844e-03	 
 7.765130e-03	 1.293169e-02	 1.507997e-03	 7.219844e-03	 1	 1	 9.114661e-03	 1.737937e-01	 1.075526e+00	 36	 60	 1	 7.921133e-01	 7.219844e-03	 
 7.765130e-03	 1.293169e-02	 1.507997e-03	 7.219844e-03	 1	 1	 9.131256e-03	 1.759308e-01	 1.075526e+00	 36	 60	 1	 7.906738e-01	 7.219844e-03	 
 7.765130e-03	 1.293169e-02	 1.507997e-03	 7.219844e-03	 1	 1	 8.599566e-03	 1.074593e-01	 1.075526e+00	 36	 60	 1	 8.395592e-01	 7.219844e-03	 
 7.765130e-03	 1.293169e-02	 1.507997e-03	 7.219844e-03	 1	 1	 9.577278e-03	 2.333699e-01	 1.075526e+00	 36	 60	 1	 7.538514e-01	 7.219844e-03	 
 7.765130e-03	 1.293169e-02	 1.507997e-03	 7.219844e-03	 1	 1	 1.199118e-02	 5.442340e-01	 1.075526e+00	 36	 60	 1	 6.020963e-01	 7.219844e-03	 
 7.765130e-03	 1.293169e-02	 1.507997e-03	 7.219844e-03	 1	 1	 1.052156e-02	 3.549759e-01	 1.075526e+00	 36	 60	 1	 6.861949e-01	 7.219844e-03	 
 7.765130e-03	 1.293169e-02	 1.507997e-03	 7.219844e-03	 1	 1	 7.903045e-03	 1.776083e-02	 1.075526e+00	 36	 60	 1	 9.135522e-01	 7.219844e-03	 
 7.765130e-03	 1.293169e-02	 1.507997e-03	 7.219844e-03	 1	 1	 9.417173e-03	 2.127515e-01	 1.075526e+00	 36	 60	 1	 7.666679e-01	 7.219844e-03	 
 7.765130e-03	 1.293169e-02	 1.507997e-03	 7.219844e-03	 1	 1	 8.615774e-03	 1.095467e-01	 1.075526e+00	 36	 60	 1	 8.379797e-01	 7.219844e-03	 
 7.765130e-03	 1.293169e-02	 1.507997e-03	 7.219844e-03	 1	 1	 1.269246e-02	 6.345453e-01	 1.075526e+00	 36	 60	 1	 5.688295e-01	 7.219844e-03	 
 1.000000e-12	 1.000000e-12	 1.000000e-12	 1.000000e-12	 0	 0	 1.000000e-12	 1.000000e-12	 1.000000e-12	 0	 0	 0	 1.000000e-12	 1.000000e-12	 1.000000e-12	 
 1.000000e-05	 1.000000e-05	 1.000000e-05	 1.000000e-05	 1	 1	 1.000000e-05	 1.000000e-05	 1.000000e-05	 1	 1	 1	 1.000000e-05	 1.000000e-05	 1.000000e-05	 
 7.646697e-03	 2.827864e-02	 1.581805e-03	 1.493022e-02	 0	 0	 4.087114e-03	 4.655059e-01	 9.183781e-01	 37	 50	 0	 3.652999e+00	 1.493022e-02	 
 7.646697e-03	 2.827864e-02	 1.581805e-03	 1.493022e-02	 0	 1	 1.162237e-02	 5.199209e-01	 9.183781e-01	 37	 50	 0	 1.284610e+00	 1.493022e-02	 
 7.646697e-03	 2.827864e-02	 1.581805e-03	 1.493022e-02	 0	 0	 1.860215e-03	 7.567296e-01	 9.183781e-01	 37	 50	 0	 8.026073e+00	 1.493022e-02	 
 7.646697e-03	 2.827864e-02	 1.581805e-03	 1.493022e-02	 0	 0	 3.958095e-03	 4.823784e-01	 9.183781e-01	 37	 50	 0	 3.772073e+00	 1.493022e-02	 
 7.646697e-03	 2.827864e-02	 1.581805e-03	 1.493022e-02	 0	 1	 7.700328e-03	 7.013651e-03	 9.183781e-01	 37	 50	 0	 1.938907e+00	 1.493022e-02	 
 7.646697e-03	 2.827864e-02	 1.581805e-03	 1.493022e-02	 0	 0	 6.142586e-03	 1.967007e-01	 9.183781e-01	 37	 50	 0	 2.430609e+00	 1.493022e-02	 
 7.646697e-03	 2.827864e-02	 1.581805e-03	 1.493022e-02	 0	 0	 4.693783e-03	 3.861685e-01	 9.183781e-01	 37	 50	 0	 3.180850e+00	 1.493022e-02	 
 7.646697e-03	 2.827864e-02	 1.581805e-03	 1.493022e-02	 0	 1	 9.457827e-03	 2.368514e-01	 9.183781e-01	 37	 50	 0	 1.578610e+00	 1.493022e-02	 
 7.646697e-03	 2.827864e-02	 1.581805e-03	 1.493022e-02	 0	 0	 4.023838e-03	 4.737809e-01	 9.183781e-01	 37	 50	 0	 3.710443e+00	 1.493022e-02	 
 7.646697e-03	 2.827864e-02	 1.581805e-03	 1.493022e-02	 0	 0	 4.797164e-03	 3.726489e-01	 9.183781e-01	 37	 50	 0	 3.112302e+00	 1.493022e-02	 
 7.646697e-03	 2.827864e-02	 1.581805e-03	 1.493022e-02	 0	 1	 1.433999e-02	 8.753185e-01	 9.183781e-01	 37	 50	 0	 1.041160e+00	 1.493022e-02	 
 7.646697e-03	 2.827864e-02	 1.581805e-03	 1.493022e-02	 0	 1	 1.134897e-02	 4.841658e-01	 9.183781e-01	 37	 50	 0	 1.315558e+00	 1.493022e-02	 
 7.646697e-03	 2.827864e-02	 1.581805e-03	 1.493022e-02	 0	 1	 1.304523e-02	 7.059950e-01	 9.183781e-01	 37	 50	 0	 1.144497e+00	 1.493022e-02	 
 7.646697e-03	 2.827864e-02	 1.581805e-03	 1.493022e-02	 0	 0	 4.213052e-03	 4.490364e-01	 9.183781e-01	 37	 50	 0	 3.543802e+00	 1.493022e-02	 
 7.646697e-03	 2.827864e-02	 1.581805e-03	 1.493022e-02	 0	 1	 1.460893e-02	 9.104889e-01	 9.183781e-01	 37	 50	 0	 1.021993e+00	 1.493022e-02	 
 7.646697e-03	 2.827864e-02	 1.581805e-03	 1.493022e-02	 0	 0	 3.445422e-03	 5.494235e-01	 9.183781e-01	 37	 50	 0	 4.333351e+00	 1.493022e-02	 
 7.646697e-03	 2.827864e-02	 1.581805e-03	 1.493022e-02	 0	 1	 1.429203e-02	 8.690459e-01	 9.183781e-01	 37	 50	 0	 1.044654e+00	 1.493022e-02	 
 7.646697e-03	 2.827864e-02	 1.581805e-03	 1.493022e-02	 0	 1	 8.721580e-03	 1.405683e-01	 9.183781e-01	 37	 50	 0	 1.711871e+00	 1.493022e-02	 
 7.646697e-03	 2.827864e-02	 1.581805e-03	 1.493022e-02	 0	 1	 1.375977e-02	 7.994399e-01	 9.183781e-01	 37	 50	 0	 1.085063e+00	 1.493022e-02	 
 7.646697e-03	 2.827864e-02	 1.581805e-03	 1.493022e-02	 0	 0	 3.345560e-03	 5.624830e-01	 9.183781e-01	 37	 50	 0	 4.462697e+00	 1.493022e-02	 
 7.646697e-03	 2.827864e-02	 1.581805e-03	 1.493022e-02	 0	 0	 1.661455e-03	 7.827225e-01	 9.183781e-01	 37	 50	 0	 8.986234e+00	 1.493022e-02	 
 7.646697e-03	 2.827864e-02	 1.581805e-03	 1.493022e-02	 0	 1	 9.348334e-03	 2.225322e-01	 9.183781e-01	 37	 50	 0	 1.597100e+00	 1.493022e-02	 
 7.646697e-03	 2.827864e-02	 1.581805e-03	 1.493022e-02	 0	 0	 3.972910e-03	 4.804410e-01	 9.183781e-01	 37	 50	 0	 3.758006e+00	 1.493022e-02	 
 7.646697e-03	 2.827864e-02	 1.581805e-03	 1.493022e-02	 0	 1	 9.010361e-03	 1.783338e-01	 9.183781e-01	 37	 50	 0	 1.657006e+00	 1.493022e-02	 
 7.646697e-03	 2.827864e-02	 1.581805e-03	 1.493022e-02	 0	 1	 8.527921e-03	 1.152424e-01	 9.183781e-01	 37	 50	 0	 1.750746e+00	 1.493022e-02	 
 7.646697e-03	 2.827864e-02	 1.581805e-03	 1.493022e-02	 0	 1	 7.892977e-03	 3.220737e-02	 9.183781e-01	 37	 50	 0	 1.891583e+00	 1.493022e-02	 
 7.646697e-03	 2.827864e-02	 1.581805e-03	 1.493022e-02	 0	 1	 1.338028e-02	 7.498112e-01	 9.183781e-01	 37	 50	 0	 1.115838e+00	 1.493022e-02	 
 7.646697e-03	 2.827864e-02	 1.581805e-03	 1.493022e-02	 0	 1	 1.471331e-02	 9.241399e-01	 9.183781e-01	 37	 50	 0	 1.014742e+00	 1.493022e-02	 
 7.646697e-03	 2.827864e-02	 1.581805e-03	 1.493022e-02	 0	 0	 4.532110e-03	 4.073114e-01	 9.183781e-01	 37	 50	 0	 3.294320e+00	 1.493022e-02	 
 7.646697e-03	 2.827864e-02	 1.581805e-03	 1.493022e-02	 0	 0	 4.086495e-03	 4.655869e-01	 9.183781e-01	 37	 50	 0	 3.653552e+00	 1.493022e-02	 
 7.646697e-03	 2.827864e-02	 1.581805e-03	 1.493022e-02	 0	 1	 1.387869e-02	 8.149915e-01	 9.183781e-01	 37	 50	 0	 1.075766e+00	 1.493022e-02	 
 7.646697e-03	 2.827864e-02	 1.581805e-03	 1.493022e-02	 0	 0	 3.163366e-03	 5.863095e-01	 9.183781e-01	 37	 50	 0	 4.719727e+00	 1.493022e-02	 
 7.646697e-03	 2.827864e-02	 1.581805e-03	 1.493022e-02	 0	 1	 1.436454e-02	 8.785288e-01	 9.183781e-01	 37	 50	 0	 1.039380e+00	 1.493022e-02	 
 7.646697e-03	 2.827864e-02	 1.581805e-03	 1.493022e-02	 0	 1	 1.146781e-02	 4.997076e-01	 9.183781e-01	 37	 50	 0	 1.301924e+00	 1.493022e-02	 
 7.646697e-03	 2.827864e-02	 1.581805e-03	 1.493022e-02	 0	 1	 9.864737e-03	 2.900651e-01	 9.183781e-01	 37	 50	 0	 1.513494e+00	 1.493022e-02	 
 7.646697e-03	 2.827864e-02	 1.581805e-03	 1.493022e-02	 0	 1	 1.180631e-02	 5.439757e-01	 9.183781e-01	 37	 50	 0	 1.264596e+00	 1.493022e-02	 
 7.646697e-03	 2.827864e-02	 1.581805e-03	 1.493022e-02	 0	 1	 1.292602e-02	 6.904059e-01	 9.183781e-01	 37	 50	 0	 1.155052e+00	 1.493022e-02	 
 7.646697e-03	 2.827864e-02	 1.581805e-03	 1.493022e-02	 0	 1	 1.327394e-02	 7.359049e-01	 9.183781e-01	 37	 50	 0	 1.124777e+00	 1.493022e-02	 
 7.646697e-03	 2.827864e-02	 1.581805e-03	 1.493022e-02	 0	 1	 1.074424e-02	 4.050830e-01	 9.183781e-01	 37	 50	 0	 1.389602e+00	 1.493022e-02	 
 7.646697e-03	 2.827864e-02	 1.581805e-03	 1.493022e-02	 0	 1	 1.230942e-02	 6.097700e-01	 9.183781e-01	 37	 50	 0	 1.212910e+00	 1.493022e-02	 
 7.646697e-03	 2.827864e-02	 1.581805e-03	 1.493022e-02	 0	 1	 8.553804e-03	 1.186273e-01	 9.183781e-01	 37	 50	 0	 1.745448e+00	 1.493022e-02	 
 7.646697e-03	 2.827864e-02	 1.581805e-03	 1.493022e-02	 0	 1	 1.074330e-02	 4.049595e-01	 9.183781e-01	 37	 50	 0	 1.389724e+00	 1.493022e-02	 
 7.646697e-03	 2.827864e-02	 1.581805e-03	 1.493022e-02	 0	 0	 1.747110e-03	 7.715209e-01	 9.183781e-01	 37	 50	 0	 8.545667e+00	 1.493022e-02	 
 7.646697e-03	 2.827864e-02	 1.581805e-03	 1.493022e-02	 0	 1	 9.423333e-03	 2.323403e-01	 9.183781e-01	 37	 50	 0	 1.584389e+00	 1.493022e-02	 
 7.646697e-03	 2.827864e-02	 1.581805e-03	 1.493022e-02	 0	 1	 1.158872e-02	 5.155195e-01	 9.183781e-01	 37	 50	 0	 1.288341e+00	 1.493022e-02	 
 7.646697e-03	 2.827864e-02	 1.581805e-03	 1.493022e-02	 0	 1	 1.037123e-02	 3.563019e-01	 9.183781e-01	 37	 50	 0	 1.439581e+00	 1.493022e-02	 
 7.646697e-03	 2.827864e-02	 1.581805e-03	 1.493022e-02	 0	 0	 2.065535e-03	 7.298788e-01	 9.183781e-01	 37	 50	 0	 7.228260e+00	 1.493022e-02	 
 7.646697e-03	 2.827864e-02	 1.581805e-03	 1.493022e-02	 0	 0	 5.671385e-03	 2.583222e-01	 9.183781e-01	 37	 50	 0	 2.632553e+00	 1.493022e-02	 
 7.646697e-03	 2.827864e-02	 1.581805e-03	 1.493022e-02	 0	 0	 3.133601e-03	 5.902020e-01	 9.183781e-01	 37	 50	 0	 4.764557e+00	 1.493022e-02	 
 7.646697e-03	 2.827864e-02	 1.581805e-03	 1.493022e-02	 0	 1	 1.358704e-02	 7.768512e-01	 9.183781e-01	 37	 50	 0	 1.098857e+00	 1.493022e-02	 
 7.646697e-03	 2.827864e-02	 1.581805e-03	 1.493022e-02	 0	 1	 1.210965e-02	 5.836450e-01	 9.183781e-01	 37	 50	 0	 1.232919e+00	 1.493022e-02	 
 7.646697e-03	 2.827864e-02	 1.581805e-03	 1.493022e-02	 0	 1	 7.884557e-03	 3.110625e-02	 9.183781e-01	 37	 50	 0	 1.893603e+00	 1.493022e-02	 
 7.646697e-03	 2.827864e-02	 1.581805e-03	 1.493022e-02	 0	 1	 1.225002e-02	 6.020010e-01	 9.183781e-01	 37	 50	 0	 1.218792e+00	 1.493022e-02	 
 7.646697e-03	 2.827864e-02	 1.581805e-03	 1.493022e-02	 0	 1	 1.228806e-02	 6.069760e-01	 9.183781e-01	 37	 50	 0	 1.215019e+00	 1.493022e-02	 
 7.646697e-03	 2.827864e-02	 1.581805e-03	 1.493022e-02	 0	 1	 1.002244e-02	 3.106889e-01	 9.183781e-01	 37	 50	 0	 1.489679e+00	 1.493022e-02	 
 7.646697e-03	 2.827864e-02	 1.581805e-03	 1.493022e-02	 0	 0	 3.750086e-03	 5.095810e-01	 9.183781e-01	 37	 50	 0	 3.981302e+00	 1.493022e-02	 
 7.646697e-03	 2.827864e-02	 1.581805e-03	 1.493022e-02	 0	 1	 1.277818e-02	 6.710724e-01	 9.183781e-01	 37	 50	 0	 1.168415e+00	 1.493022e-02	 
 7.646697e-03	 2.827864e-02	 1.581805e-03	 1.493022e-02	 0	 0	 3.187065e-03	 5.832102e-01	 9.183781e-01	 37	 50	 0	 4.684631e+00	 1.493022e-02	 
 7.646697e-03	 2.827864e-02	 1.581805e-03	 1.493022e-02	 0	 0	 2.637413e-03	 6.550912e-01	 9.183781e-01	 37	 50	 0	 5.660934e+00	 1.493022e-02	 
 7.646697e-03	 2.827864e-02	 1.581805e-03	 1.493022e-02	 0	 1	 1.312212e-02	 7.160513e-01	 9.183781e-01	 37	 50	 0	 1.137790e+00	 1.493022e-02	 
 7.646697e-03	 2.827864e-02	 1.581805e-03	 1.493022e-02	 0	 1	 1.311657e-02	 7.153246e-01	 9.183781e-01	 37	 50	 0	 1.138272e+00	 1.493022e-02	 
 7.646697e-03	 2.827864e-02	 1.581805e-03	 1.493022e-02	 0	 0	 7.207903e-03	 5.738342e-02	 9.183781e-01	 37	 50	 0	 2.071368e+00	 1.493022e-02	 
 7.646697e-03	 2.827864e-02	 1.581805e-03	 1.493022e-02	 0	 0	 3.299081e-03	 5.685613e-01	 9.183781e-01	 37	 50	 0	 4.525570e+00	 1.493022e-02	 
 7.646697e-03	 2.827864e-02	 1.581805e-03	 1.493022e-02	 0	 1	 8.804236e-03	 1.513776e-01	 9.183781e-01	 37	 50	 0	 1.695800e+00	 1.493022e-02	 
 7.646697e-03	 2.827864e-02	 1.581805e-03	 1.493022e-02	 0	 1	 1.122837e-02	 4.683948e-01	 9.183781e-01	 37	 50	 0	 1.329687e+00	 1.493022e-02	 
 7.646697e-03	 2.827864e-02	 1.581805e-03	 1.493022e-02	 0	 1	 1.393534e-02	 8.224001e-01	 9.183781e-01	 37	 50	 0	 1.071393e+00	 1.493022e-02	 
 7.646697e-03	 2.827864e-02	 1.581805e-03	 1.493022e-02	 0	 0	 7.532123e-03	 1.498345e-02	 9.183781e-01	 37	 50	 0	 1.982206e+00	 1.493022e-02	 
 7.646697e-03	 2.827864e-02	 1.581805e-03	 1.493022e-02	 0	 0	 6.136342e-03	 1.975173e-01	 9.183781e-01	 37	 50	 0	 2.433082e+00	 1.493022e-02	 
 7.646697e-03	 2.827864e-02	 1.581805e-03	 1.493022e-02	 0	 1	 1.003310e-02	 3.120822e-01	 9.183781e-01	 37	 50	 0	 1.488097e+00	 1.493022e-02	 
 7.646697e-03	 2.827864e-02	 1.581805e-03	 1.493022e-02	 0	 0	 5.974954e-03	 2.186229e-01	 9.183781e-01	 37	 50	 0	 2.498801e+00	 1.493022e-02	 
 7.646697e-03	 2.827864e-02	 1.581805e-03	 1.493022e-02	 0	 1	 1.253803e-02	 6.396659e-01	 9.183781e-01	 37	 50	 0	 1.190795e+00	 1.493022e-02	 
 7.646697e-03	 2.827864e-02	 1.581805e-03	 1.493022e-02	 0	 0	 6.012924e-03	 2.136573e-01	 9.183781e-01	 37	 50	 0	 2.483022e+00	 1.493022e-02	 
 7.646697e-03	 2.827864e-02	 1.581805e-03	 1.493022e-02	 0	 1	 1.399022e-02	 8.295773e-01	 9.183781e-01	 37	 50	 0	 1.067190e+00	 1.493022e-02	 
 7.646697e-03	 2.827864e-02	 1.581805e-03	 1.493022e-02	 0	 1	 8.193358e-03	 7.148984e-02	 9.183781e-01	 37	 50	 0	 1.822235e+00	 1.493022e-02	 
 7.646697e-03	 2.827864e-02	 1.581805e-03	 1.493022e-02	 0	 0	 6.424737e-03	 1.598024e-01	 9.183781e-01	 37	 50	 0	 2.323865e+00	 1.493022e-02	 
 7.646697e-03	 2.827864e-02	 1.581805e-03	 1.493022e-02	 0	 0	 7.377741e-03	 3.517281e-02	 9.183781e-01	 37	 50	 0	 2.023685e+00	 1.493022e-02	 
 7.646697e-03	 2.827864e-02	 1.581805e-03	 1.493022e-02	 0	 1	 1.054823e-02	 3.794493e-01	 9.183781e-01	 37	 50	 0	 1.415424e+00	 1.493022e-02	 
 7.646697e-03	 2.827864e-02	 1.581805e-03	 1.493022e-02	 0	 1	 9.923847e-03	 2.977952e-01	 9.183781e-01	 37	 50	 0	 1.504479e+00	 1.493022e-02	 
 7.646697e-03	 2.827864e-02	 1.581805e-03	 1.493022e-02	 0	 1	 1.019531e-02	 3.332958e-01	 9.183781e-01	 37	 50	 0	 1.464421e+00	 1.493022e-02	 
 7.646697e-03	 2.827864e-02	 1.581805e-03	 1.493022e-02	 0	 0	 5.360310e-03	 2.990033e-01	 9.183781e-01	 37	 50	 0	 2.785328e+00	 1.493022e-02	 
 7.646697e-03	 2.827864e-02	 1.581805e-03	 1.493022e-02	 0	 1	 1.248373e-02	 6.325648e-01	 9.183781e-01	 37	 50	 0	 1.195975e+00	 1.493022e-02	 
 7.646697e-03	 2.827864e-02	 1.581805e-03	 1.493022e-02	 0	 1	 9.016338e-03	 1.791154e-01	 9.183781e-01	 37	 50	 0	 1.655908e+00	 1.493022e-02	 
 7.646697e-03	 2.827864e-02	 1.581805e-03	 1.493022e-02	 0	 1	 1.101668e-02	 4.407113e-01	 9.183781e-01	 37	 50	 0	 1.355238e+00	 1.493022e-02	 
 7.646697e-03	 2.827864e-02	 1.581805e-03	 1.493022e-02	 0	 0	 5.175170e-03	 3.232150e-01	 9.183781e-01	 37	 50	 0	 2.884973e+00	 1.493022e-02	 
 7.646697e-03	 2.827864e-02	 1.581805e-03	 1.493022e-02	 0	 0	 6.516367e-03	 1.478194e-01	 9.183781e-01	 37	 50	 0	 2.291188e+00	 1.493022e-02	 
 7.646697e-03	 2.827864e-02	 1.581805e-03	 1.493022e-02	 0	 1	 7.959915e-03	 4.096124e-02	 9.183781e-01	 37	 50	 0	 1.875676e+00	 1.493022e-02	 
 7.646697e-03	 2.827864e-02	 1.581805e-03	 1.493022e-02	 0	 1	 9.764070e-03	 2.769004e-01	 9.183781e-01	 37	 50	 0	 1.529098e+00	 1.493022e-02	 
 7.646697e-03	 2.827864e-02	 1.581805e-03	 1.493022e-02	 0	 0	 6.009818e-03	 2.140636e-01	 9.183781e-01	 37	 50	 0	 2.484305e+00	 1.493022e-02	 
 7.646697e-03	 2.827864e-02	 1.581805e-03	 1.493022e-02	 0	 1	 9.334089e-03	 2.206694e-01	 9.183781e-01	 37	 50	 0	 1.599537e+00	 1.493022e-02	 
 7.646697e-03	 2.827864e-02	 1.581805e-03	 1.493022e-02	 0	 0	 5.399068e-03	 2.939347e-01	 9.183781e-01	 37	 50	 0	 2.765333e+00	 1.493022e-02	 
 7.646697e-03	 2.827864e-02	 1.581805e-03	 1.493022e-02	 0	 1	 1.092039e-02	 4.281184e-01	 9.183781e-01	 37	 50	 0	 1.367188e+00	 1.493022e-02	 
 7.646697e-03	 2.827864e-02	 1.581805e-03	 1.493022e-02	 0	 0	 5.868626e-03	 2.325280e-01	 9.183781e-01	 37	 50	 0	 2.544075e+00	 1.493022e-02	 
 7.646697e-03	 2.827864e-02	 1.581805e-03	 1.493022e-02	 0	 1	 1.474633e-02	 9.284576e-01	 9.183781e-01	 37	 50	 0	 1.012470e+00	 1.493022e-02	 
 7.646697e-03	 2.827864e-02	 1.581805e-03	 1.493022e-02	 0	 0	 3.329659e-03	 5.645624e-01	 9.183781e-01	 37	 50	 0	 4.484009e+00	 1.493022e-02	 
 7.646697e-03	 2.827864e-02	 1.581805e-03	 1.493022e-02	 0	 1	 8.288079e-03	 8.387705e-02	 9.183781e-01	 37	 50	 0	 1.801409e+00	 1.493022e-02	 
 7.646697e-03	 2.827864e-02	 1.581805e-03	 1.493022e-02	 0	 1	 1.190871e-02	 5.573660e-01	 9.183781e-01	 37	 50	 0	 1.253723e+00	 1.493022e-02	 
 7.646697e-03	 2.827864e-02	 1.581805e-03	 1.493022e-02	 0	 1	 8.801865e-03	 1.510677e-01	 9.183781e-01	 37	 50	 0	 1.696257e+00	 1.493022e-02	 
 7.646697e-03	 2.827864e-02	 1.581805e-03	 1.493022e-02	 0	 0	 4.643130e-03	 3.927927e-01	 9.183781e-01	 37	 50	 0	 3.215551e+00	 1.493022e-02	 
 7.646697e-03	 2.827864e-02	 1.581805e-03	 1.493022e-02	 0	 0	 2.882263e-03	 6.230708e-01	 9.183781e-01	 37	 50	 0	 5.180034e+00	 1.493022e-02	 
 1.000000e-12	 1.000000e-12	 1.000000e-12	 1.000000e-12	 0	 0	 1.000000e-12	 1.000000e-12	 1.000000e-12	 0	 0	 0	 1.000000e-12	 1.000000e-12	 1.000000e-12	 
 1.000000e-05	 1.000000e-05	 1.000000e-05	 1.000000e-05	 1	 1	 1.000000e-05	 1.000000e-05	 1.000000e-05	 1	 1	 1	 1.000000e-05	 1.000000e-05	 1.000000e-05	 
 7.765130e-03	 1.293169e-02	 1.507997e-03	 7.219844e-03	 1	 1	 1.141072e-02	 4.694819e-01	 1.075526e+00	 36	 60	 1	 6.327248e-01	 7.219844e-03	 
 7.765130e-03	 1.293169e-02	 1.507997e-03	 7.219844e-03	 1	 1	 1.257753e-02	 6.197444e-01	 1.075526e+00	 36	 60	 1	 5.740274e-01	 7.219844e-03	 
 7.765130e-03	 1.293169e-02	 1.507997e-03	 7.219844e-03	 1	 1	 1.272547e-02	 6.387972e-01	 1.075526e+00	 36	 60	 1	 5.673537e-01	 7.219844e-03	 
 7.765130e-03	 1.293169e-02	 1.507997e-03	 7.219844e-03	 1	 1	 1.173993e-02	 5.118782e-01	 1.075526e+00	 36	 60	 1	 6.149818e-01	 7.219844e-03	 
 7.765130e-03	 1.293169e-02	 1.507997e-03	 7.219844e-03	 1	 1	 1.160296e-02	 4.942393e-01	 1.075526e+00	 36	 60	 1	 6.222414e-01	 7.219844e-03	 
 7.765130e-03	 1.293169e-02	 1.507997e-03	 7.219844e-03	 1	 1	 1.075797e-02	 3.854206e-01	 1.075526e+00	 36	 60	 1	 6.711158e-01	 7.219844e-03	 
 7.765130e-03	 1.293169e-02	 1.507997e-03	 7.219844e-03	 1	 1	 8.902229e-03	 1.464366e-01	 1.075526e+00	 36	 60	 1	 8.110153e-01	 7.219844e-03	 
 7.765130e-03	 1.293169e-02	 1.507997e-03	 7.219844e-03	 1	 1	 9.108736e-03	 1.730307e-01	 1.075526e+00	 36	 60	 1	 7.926285e-01	 7.219844e-03	 
 7.765130e-03	 1.293169e-02	 1.507997e-03	 7.219844e-03	 1	 1	 1.228759e-02	 5.824056e-01	 1.075526e+00	 36	 60	 1	 5.875722e-01	 7.219844e-03	 
 7.765130e-03	 1.293169e-02	 1.507997e-03	 7.219844e-03	 1	 1	 9.292842e-03	 1.967400e-01	 1.075526e+00	 36	 60	 1	 7.769253e-01	 7.219844e-03	 
 7.765130e-03	 1.293169e-02	 1.507997e-03	 7.219844e-03	 1	 1	 8.691606e-03	 1.193123e-01	 1.075526e+00	 36	 60	 1	 8.306686e-01	 7.219844e-03	 
 7.765130e-03	 1.293169e-02	 1.507997e-03	 7.219844e-03	 1	 1	 1.216213e-02	 5.662490e-01	 1.075526e+00	 36	 60	 1	 5.936333e-01	 7.219844e-03	 
 7.765130e-03	 1.293169e-02	 1.507997e-03	 7.219844e-03	 1	 1	 1.016869e-02	 3.095325e-01	 1.075526e+00	 36	 60	 1	 7.100073e-01	 7.219844e-03	 
 7.765130e-03	 1.293169e-02	 1.507997e-03	 7.219844e-03	 1	 1	 9.447218e-03	 2.166206e-01	 1.075526e+00	 36	 60	 1	 7.642297e-01	 7.219844e-03	 
 7.765130e-03	 1.293169e-02	 1.507997e-03	 7.219844e-03	 1	 1	 9.269390e-03	 1.937199e-01	 1.075526e+00	 36	 60	 1	 7.788909e-01	 7.219844e-03	 
 7.765130e-03	 1.293169e-02	 1.507997e-03	 7.219844e-03	 1	 1	 1.079417e-02	 3.900825e-01	 1.075526e+00	 36	 60	 1	 6.688651e-01	 7.219844e-03	 
 7.765130e-03	 1.293169e-02	 1.507997e-03	 7.219844e-03	 1	 1	 7.908260e-03	 1.843235e-02	 1.075526e+00	 36	 60	 1	 9.129498e-01	 7.219844e-03	 
 7.765130e-03	 1.293169e-02	 1.507997e-03	 7.219844e-03	 1	 1	 1.007746e-02	 2.977832e-01	 1.075526e+00	 36	 60	 1	 7.164352e-01	 7.219844e-03	 
 7.765130e-03	 1.293169e-02	 1.507997e-03	 7.219844e-03	 1	 1	 8.720118e-03	 1.229841e-01	 1.075526e+00	 36	 60	 1	 8.279526e-01	 7.219844e-03	 
 7.765130e-03	 1.293169e-02	 1.507997e-03	 7.219844e-03	 1	 1	 1.149099e-02	 4.798193e-01	 1.075526e+00	 36	 60	 1	 6.283048e-01	 7.219844e-03	 
 7.765130e-03	 1.293169e-02	 1.507997e-03	 7.219844e-03	 1	 1	 1.215685e-02	 5.655696e-01	 1.075526e+00	 36	 60	 1	 5.938909e-01	 7.219844e-03	 
 7.765130e-03	 1.293169e-02	 1.507997e-03	 7.219844e-03	 1	 1	 9.322039e-03	 2.005000e-01	 1.075526e+00	 36	 60	 1	 7.744920e-01	 7.219844e-03	 
 7.765130e-03	 1.293169e-02	 1.507997e-03	 7.219844e-03	 1	 1	 7.966311e-03	 2.590827e-02	 1.075526e+00	 36	 60	 1	 9.062970e-01	 7.219844e-03	 
 7.765130e-03	 1.293169e-02	 1.507997e-03	 7.219844e-03	 1	 1	 1.194226e-02	 5.379337e-01	 1.075526e+00	 36	 60	 1	 6.045629e-01	 7.219844e-03	 
 7.765130e-03	 1.293169e-02	 1.507997e-03	 7.219844e-03	 1	 1	 1.192173e-02	 5.352907e-01	 1.075526e+00	 36	 60	 1	 6.056036e-01	 7.219844e-03	 
 7.765130e-03	 1.293169e-02	 1.507997e-03	 7.219844e-03	 1	 1	 1.283254e-02	 6.525853e-01	 1.075526e+00	 36	 60	 1	 5.626200e-01	 7.219844e-03	 
 7.765130e-03	 1.293169e-02	 1.507997e-03	 7.219844e-03	 1	 1	 9.969665e-03	 2.839018e-01	 1.075526e+00	 36	 60	 1	 7.241812e-01	 7.219844e-03	 
 7.765130e-03	 1.293169e-02	 1.507997e-03	 7.219844e-03	 1	 1	 1.232239e-02	 5.868873e-01	 1.075526e+00	 36	 60	 1	 5.859128e-01	 7.219844e-03	 
 7.765130e-03	 1.293169e-02	 1.507997e-03	 7.219844e-03	 1	 1	 8.306630e-03	 6.973487e-02	 1.075526e+00	 36	 60	 1	 8.691664e-01	 7.219844e-03	 
 7.765130e-03	 1.293169e-02	 1.507997e-03	 7.219844e-03	 1	 1	 1.025569e-02	 3.207359e-01	 1.075526e+00	 36	 60	 1	 7.039845e-01	 7.219844e-03	 
 7.765130e-03	 1.293169e-02	 1.507997e-03	 7.219844e-03	 1	 0	 7.591048e-03	 2.241839e-02	 1.075526e+00	 36	 60	 1	 9.510997e-01	 7.219844e-03	 
 7.765130e-03	 1.293169e-02	 1.507997e-03	 7.219844e-03	 1	 1	 1.277494e-02	 6.451676e-01	 1.075526e+00	 36	 60	 1	 5.651568e-01	 7.219844e-03	 
 7.765130e-03	 1.293169e-02	 1.507997e-03	 7.219844e-03	 1	 1	 1.084090e-02	 3.961000e-01	 1.075526e+00	 36	 60	 1	 6.659821e-01	 7.219844e-03	 
 7.765130e-03	 1.293169e-02	 1.507997e-03	 7.219844e-03	 1	 1	 1.254853e-02	 6.160097e-01	 1.075526e+00	 36	 60	 1	 5.753540e-01	 7.219844e-03	 
 7.765130e-03	 1.293169e-02	 1.507997e-03	 7.219844e-03	 1	 1	 9.759520e-03	 2.568391e-01	 1.075526e+00	 36	 60	 1	 7.397746e-01	 7.219844e-03	 
 7.765130e-03	 1.293169e-02	 1.507997e-03	 7.219844e-03	 1	 1	 7.911517e-03	 1.885180e-02	 1.075526e+00	 36	 60	 1	 9.125739e-01	 7.219844e-03	 
 7.765130e-03	 1.293169e-02	 1.507997e-03	 7.219844e-03	 1	 1	 1.008996e-02	 2.993939e-01	 1.075526e+00	 36	 60	 1	 7.155471e-01	 7.219844e-03	 
 7.765130e-03	 1.293169e-02	 1.507997e-03	 7.219844e-03	 1	 1	 8.489096e-03	 9.323290e-02	 1.075526e+00	 36	 60	 1	 8.504845e-01	 7.219844e-03	 
 7.765130e-03	 1.293169e-02	 1.507997e-03	 7.219844e-03	 1	 1	 9.225912e-03	 1.881207e-01	 1.075526e+00	 36	 60	 1	 7.825616e-01	 7.219844e-03	 
 7.765130e-03	 1.293169e-02	 1.507997e-03	 7.219844e-03	 1	 1	 8.960785e-03	 1.539774e-01	 1.075526e+00	 36	 60	 1	 8.057156e-01	 7.219844e-03	 
 7.765130e-03	 1.293169e-02	 1.507997e-03	 7.219844e-03	 1	 1	 1.261783e-02	 6.249341e-01	 1.075526e+00	 36	 60	 1	 5.721940e-01	 7.219844e-03	 
 7.765130e-03	 1.293169e-02	 1.507997e-03	 7.219844e-03	 1	 1	 1.016414e-02	 3.089462e-01	 1.075526e+00	 36	 60	 1	 7.103253e-01	 7.219844e-03	 
 7.765130e-03	 1.293169e-02	 1.507997e-03	 7.219844e-03	 1	 1	 8.803061e-03	 1.336656e-01	 1.075526e+00	 36	 60	 1	 8.201515e-01	 7.219844e-03	 
 7.765130e-03	 1.293169e-02	 1.507997e-03	 7.219844e-03	 1	 1	 8.525777e-03	 9.795670e-02	 1.075526e+00	 36	 60	 1	 8.468254e-01	 7.219844e-03	 
 7.765130e-03	 1.293169e-02	 1.507997e-03	 7.219844e-03	 1	 0	 7.462532e-03	 3.896883e-02	 1.075526e+00	 36	 60	 1	 9.674791e-01	 7.219844e-03	 
 7.765130e-03	 1.293169e-02	 1.507997e-03	 7.219844e-03	 1	 1	 1.058396e-02	 3.630117e-01	 1.075526e+00	 36	 60	 1	 6.821494e-01	 7.219844e-03	 
 7.765130e-03	 1.293169e-02	 1.507997e-03	 7.219844e-03	 1	 1	 1.064136e-02	 3.704039e-01	 1.075526e+00	 36	 60	 1	 6.784698e-01	 7.219844e-03	 
 7.765130e-03	 1.293169e-02	 1.507997e-03	 7.219844e-03	 1	 1	 1.271790e-02	 6.378223e-01	 1.075526e+00	 36	 60	 1	 5.676914e-01	 7.219844e-03	 
 7.765130e-03	 1.293169e-02	 1.507997e-03	 7.219844e-03	 1	 1	 1.225011e-02	 5.775799e-01	 1.075526e+00	 36	 60	 1	 5.893696e-01	 7.219844e-03	 
 7.765130e-03	 1.293169e-02	 1.507997e-03	 7.219844e-03	 1	 1	 9.861666e-03	 2.699936e-01	 1.075526e+00	 36	 60	 1	 7.321120e-01	 7.219844e-03	 
 7.765130e-03	 1.293169e-02	 1.507997e-03	 7.219844e-03	 1	 1	 1.018548e-02	 3.116948e-01	 1.075526e+00	 36	 60	 1	 7.088368e-01	 7.219844e-03	 
 7.765130e-03	 1.293169e-02	 1.507997e-03	 7.219844e-03	 1	 1	 1.055060e-02	 3.587155e-01	 1.075526e+00	 36	 60	 1	 6.843063e-01	 7.219844e-03	 
 7.765130e-03	 1.293169e-02	 1.507997e-03	 7.219844e-03	 1	 1	 9.100420e-03	 1.719597e-01	 1.075526e+00	 36	 60	 1	 7.933529e-01	 7.219844e-03	 
 7.765130e-03	 1.293169e-02	 1.507997e-03	 7.219844e-03	 1	 1	 9.359455e-03	 2.053185e-01	 1.075526e+00	 36	 60	 1	 7.713958e-01	 7.219844e-03	 
 7.765130e-03	 1.293169e-02	 1.507997e-03	 7.219844e-03	 1	 1	 1.065429e-02	 3.720683e-01	 1.075526e+00	 36	 60	 1	 6.776468e-01	 7.219844e-03	 
 7.765130e-03	 1.293169e-02	 1.507997e-03	 7.219844e-03	 1	 1	 7.832184e-03	 8.635257e-03	 1.075526e+00	 36	 60	 1	 9.218175e-01	 7.219844e-03	 
 7.765130e-03	 1.293169e-02	 1.507997e-03	 7.219844e-03	 1	 1	 9.737920e-03	 2.540575e-01	 1.075526e+00	 36	 60	 1	 7.414154e-01	 7.219844e-03	 
 7.765130e-03	 1.293169e-02	 1.507997e-03	 7.219844e-03	 1	 1	 1.041791e-02	 3.416268e-01	 1.075526e+00	 36	 60	 1	 6.930225e-01	 7.219844e-03	 
 7.765130e-03	 1.293169e-02	 1.507997e-03	 7.219844e-03	 1	 1	 1.159671e-02	 4.934341e-01	 1.075526e+00	 36	 60	 1	 6.225769e-01	 7.219844e-03	 
 7.765130e-03	 1.293169e-02	 1.507997e-03	 7.219844e-03	 1	 1	 9.182412e-03	 1.825188e-01	 1.075526e+00	 36	 60	 1	 7.862688e-01	 7.219844e-03	 
 7.765130e-03	 1.293169e-02	 1.507997e-03	 7.219844e-03	 1	 1	 1.003681e-02	 2.925491e-01	 1.075526e+00	 36	 60	 1	 7.193364e-01	 7.219844e-03	 
 7.765130e-03	 1.293169e-02	 1.507997e-03	 7.219844e-03	 1	 1	 1.180645e-02	 5.204443e-01	 1.075526e+00	 36	 60	 1	 6.115171e-01	 7.219844e-03	 
 7.765130e-03	 1.293169e-02	 1.507997e-03	 7.219844e-03	 1	 1	 9.754462e-03	 2.561879e-01	 1.075526e+00	 36	 60	 1	 7.401581e-01	 7.219844e-03	 
 7.765130e-03	 1.293169e-02	 1.507997e-03	 7.219844e-03	 1	 1	 8.988099e-03	 1.574950e-01	 1.075526e+00	 36	 60	 1	 8.032671e-01	 7.219844e-03	 
 7.765130e-03	 1.293169e-02	 1.507997e-03	 7.219844e-03	 1	 1	 9.741465e-03	 2.545140e-01	 1.075526e+00	 36	 60	 1	 7.411457e-01	 7.219844e-03	 
 7.765130e-03	 1.293169e-02	 1.507997e-03	 7.219844e-03	 1	 1	 9.097785e-03	 1.716204e-01	 1.075526e+00	 36	 60	 1	 7.935826e-01	 7.219844e-03	 
 7.765130e-03	 1.293169e-02	 1.507997e-03	 7.219844e-03	 1	 1	 8.227341e-03	 5.952384e-02	 1.075526e+00	 36	 60	 1	 8.775429e-01	 7.219844e-03	 
 7.765130e-03	 1.293169e-02	 1.507997e-03	 7.219844e-03	 1	 1	 8.515185e-03	 9.659270e-02	 1.075526e+00	 36	 60	 1	 8.478787e-01	 7.219844e-03	 
 7.765130e-03	 1.293169e-02	 1.507997e-03	 7.219844e-03	 1	 1	 9.355505e-03	 2.048098e-01	 1.075526e+00	 36	 60	 1	 7.717215e-01	 7.219844e-03	 
 7.765130e-03	 1.293169e-02	 1.507997e-03	 7.219844e-03	 1	 1	 9.006239e-03	 1.598310e-01	 1.075526e+00	 36	 60	 1	 8.016492e-01	 7.219844e-03	 
 7.765130e-03	 1.293169e-02	 1.507997e-03	 7.219844e-03	 1	 1	 1.047420e-02	 3.488758e-01	 1.075526e+00	 36	 60	 1	 6.892982e-01	 7.219844e-03	 
