3.224116e-02	 2.599379e-01	 1.754164e-01	 6.066007e-02	 4.717444e-01	 3.737054e+00	 
 1.446320e-04	 4.998905e-01	 1.999653e-01	 9.983363e-02	 2.001659e-01	 2.436670e+00	 
 4.041237e-04	 4.996939e-01	 1.999031e-01	 9.953515e-02	 2.004637e-01	 3.429988e+00	 
 1.825661e-04	 4.998617e-01	 1.999562e-01	 9.979000e-02	 2.002095e-01	 2.656640e+00	 
 7.801093e-04	 4.994091e-01	 1.998130e-01	 9.910267e-02	 2.008951e-01	 4.081332e+00	 
 1.161387e-04	 4.999120e-01	 1.999722e-01	 9.986641e-02	 2.001333e-01	 2.235040e+00	 
 2.456718e-04	 4.998139e-01	 1.999411e-01	 9.971741e-02	 2.002819e-01	 2.942612e+00	 
 1.414763e-04	 4.998928e-01	 1.999661e-01	 9.983726e-02	 2.001623e-01	 2.416113e+00	 
 1.233359e-04	 4.999066e-01	 1.999704e-01	 9.985813e-02	 2.001415e-01	 2.289609e+00	 
 1.747253e-04	 4.998677e-01	 1.999581e-01	 9.979902e-02	 2.002005e-01	 2.614827e+00	 
 4.966753e-04	 4.996238e-01	 1.998809e-01	 9.942869e-02	 2.005699e-01	 3.633605e+00	 
 1.093119e-04	 4.999172e-01	 1.999738e-01	 9.987426e-02	 2.001254e-01	 2.180686e+00	 
 3.129520e-04	 4.997630e-01	 1.999250e-01	 9.964002e-02	 2.003591e-01	 3.178729e+00	 
 7.162508e-04	 4.994575e-01	 1.998283e-01	 9.917612e-02	 2.008218e-01	 3.996489e+00	 
 9.372329e-04	 4.992901e-01	 1.997753e-01	 9.892193e-02	 2.010754e-01	 2.665706e+00	 
 5.192490e-04	 4.996067e-01	 1.998755e-01	 9.940273e-02	 2.005958e-01	 2.123962e+00	 
 1.497967e-04	 4.998865e-01	 1.999641e-01	 9.982769e-02	 2.001719e-01	 2.469478e+00	 
 2.374837e-04	 4.998201e-01	 1.999431e-01	 9.972683e-02	 2.002725e-01	 2.909726e+00	 
 2.366133e-04	 4.998208e-01	 1.999433e-01	 9.972783e-02	 2.002715e-01	 2.906167e+00	 
 1.537907e-03	 4.988352e-01	 1.996314e-01	 9.823100e-02	 2.017646e-01	 3.143618e+00	 
 2.005428e-04	 4.998481e-01	 1.999519e-01	 9.976932e-02	 2.002301e-01	 2.746553e+00	 
 1.291007e-04	 4.999022e-01	 1.999691e-01	 9.985150e-02	 2.001481e-01	 2.331441e+00	 
 1.152720e-04	 4.999127e-01	 1.999724e-01	 9.986741e-02	 2.001323e-01	 2.228283e+00	 
 8.779999e-03	 4.933500e-01	 1.978954e-01	 8.990066e-02	 2.100740e-01	 2.202778e+00	 
 1.033995e-04	 4.999217e-01	 1.999752e-01	 9.988106e-02	 2.001186e-01	 2.131423e+00	 
 7.037769e-03	 4.946695e-01	 1.983130e-01	 9.190469e-02	 2.080750e-01	 2.016121e+00	 
 8.597771e-03	 4.934880e-01	 1.979391e-01	 9.011027e-02	 2.098649e-01	 2.184548e+00	 
 1.606519e-04	 4.998783e-01	 1.999615e-01	 9.981521e-02	 2.001843e-01	 2.535269e+00	 
 2.041264e-04	 4.998454e-01	 1.999511e-01	 9.976520e-02	 2.002342e-01	 2.763573e+00	 
 1.296443e-04	 4.999018e-01	 1.999689e-01	 9.985087e-02	 2.001488e-01	 2.335303e+00	 
 1.779837e-03	 4.986519e-01	 1.995734e-01	 9.795271e-02	 2.020421e-01	 3.286534e+00	 
 1.617798e-04	 4.998775e-01	 1.999612e-01	 9.981391e-02	 2.001856e-01	 2.541874e+00	 
 4.277431e-04	 4.996760e-01	 1.998975e-01	 9.950798e-02	 2.004908e-01	 1.960536e+00	 
 5.308262e-03	 4.959795e-01	 1.987276e-01	 9.389408e-02	 2.060906e-01	 1.803627e+00	 
 4.557577e-03	 4.965481e-01	 1.989075e-01	 9.475757e-02	 2.052293e-01	 2.791510e+00	 
 1.282753e-04	 4.999028e-01	 1.999693e-01	 9.985245e-02	 2.001472e-01	 2.325549e+00	 
 4.458189e-04	 4.996623e-01	 1.998931e-01	 9.948719e-02	 2.005115e-01	 3.526854e+00	 
 3.089964e-04	 4.997660e-01	 1.999259e-01	 9.964457e-02	 2.003545e-01	 3.166272e+00	 
 3.232002e-04	 4.997552e-01	 1.999225e-01	 9.962823e-02	 2.003708e-01	 3.210305e+00	 
 1.277231e-04	 4.999033e-01	 1.999694e-01	 9.985308e-02	 2.001465e-01	 2.321590e+00	 
 1.480656e-04	 4.998879e-01	 1.999645e-01	 9.982969e-02	 2.001699e-01	 2.458594e+00	 
 4.477727e-04	 4.996609e-01	 1.998927e-01	 9.948494e-02	 2.005138e-01	 3.531171e+00	 
 5.510216e-03	 4.958265e-01	 1.986792e-01	 9.366178e-02	 2.063223e-01	 2.973970e+00	 
 2.329363e-03	 4.982357e-01	 1.994423e-01	 9.732463e-02	 2.026690e-01	 5.122978e+00	 
 1.163981e-04	 4.999118e-01	 1.999721e-01	 9.986611e-02	 2.001336e-01	 2.237054e+00	 
 1.092557e-04	 4.999172e-01	 1.999738e-01	 9.987433e-02	 2.001254e-01	 2.180228e+00	 
 3.249104e-04	 4.997539e-01	 1.999221e-01	 9.962627e-02	 2.003728e-01	 3.215479e+00	 
 1.605818e-03	 4.987837e-01	 1.996151e-01	 9.815288e-02	 2.018425e-01	 3.185820e+00	 
 1.921009e-04	 4.998545e-01	 1.999540e-01	 9.977903e-02	 2.002204e-01	 2.705306e+00	 
 9.506324e-05	 4.999280e-01	 1.999772e-01	 9.989065e-02	 2.001091e-01	 2.058262e+00	 
 2.276859e-04	 4.998275e-01	 1.999454e-01	 9.973810e-02	 2.002612e-01	 2.868926e+00	 
 1.325837e-02	 4.899580e-01	 1.968219e-01	 8.474933e-02	 2.152124e-01	 2.576209e+00	 
 3.390065e-04	 4.997432e-01	 1.999187e-01	 9.961005e-02	 2.003890e-01	 3.257147e+00	 
 4.223986e-04	 4.996801e-01	 1.998987e-01	 9.951413e-02	 2.004847e-01	 1.950342e+00	 
 1.392125e-04	 4.998946e-01	 1.999666e-01	 9.983987e-02	 2.001597e-01	 2.401116e+00	 
 4.637900e-04	 4.996487e-01	 1.998888e-01	 9.946652e-02	 2.005321e-01	 2.027411e+00	 
 4.511043e-04	 4.996583e-01	 1.998919e-01	 9.948111e-02	 2.005176e-01	 3.538492e+00	 
 1.677628e-04	 4.998729e-01	 1.999598e-01	 9.980703e-02	 2.001925e-01	 2.576228e+00	 
 4.173058e-04	 4.996839e-01	 1.999000e-01	 9.951999e-02	 2.004788e-01	 3.461634e+00	 
 4.699567e-04	 4.996441e-01	 1.998873e-01	 9.945942e-02	 2.005392e-01	 3.578938e+00	 
 3.111352e-04	 4.997643e-01	 1.999254e-01	 9.964211e-02	 2.003570e-01	 3.173027e+00	 
 1.373031e-04	 4.998960e-01	 1.999671e-01	 9.984206e-02	 2.001575e-01	 2.388302e+00	 
 1.962469e-04	 4.998514e-01	 1.999530e-01	 9.977426e-02	 2.002252e-01	 2.725770e+00	 
 1.727521e-03	 4.986916e-01	 1.995859e-01	 9.801289e-02	 2.019821e-01	 1.923668e+00	 
 6.739637e-03	 4.948954e-01	 1.983845e-01	 9.224762e-02	 2.077329e-01	 1.981302e+00	 
 4.662751e-04	 4.996468e-01	 1.998882e-01	 9.946366e-02	 2.005350e-01	 2.031900e+00	 
 1.586360e-03	 4.987985e-01	 1.996197e-01	 9.817526e-02	 2.018202e-01	 1.858618e+00	 
 4.179267e-04	 4.996835e-01	 1.998998e-01	 9.951927e-02	 2.004795e-01	 3.463100e+00	 
 1.559445e-03	 4.988189e-01	 1.996262e-01	 9.820622e-02	 2.017893e-01	 3.157194e+00	 
 1.002186e-04	 4.999241e-01	 1.999760e-01	 9.988472e-02	 2.001150e-01	 2.104031e+00	 
 1.732932e-03	 4.986875e-01	 1.995846e-01	 9.800667e-02	 2.019883e-01	 1.926114e+00	 
 1.137016e-04	 4.999139e-01	 1.999727e-01	 9.986921e-02	 2.001305e-01	 2.215936e+00	 
 3.277983e-04	 4.997517e-01	 1.999214e-01	 9.962294e-02	 2.003761e-01	 3.224158e+00	 
 1.188373e-04	 4.999100e-01	 1.999715e-01	 9.986331e-02	 2.001364e-01	 2.255818e+00	 
 5.798364e-04	 4.995608e-01	 1.998610e-01	 9.933303e-02	 2.006653e-01	 2.221198e+00	 
 1.198249e-02	 4.909244e-01	 1.971311e-01	 8.623893e-02	 2.137288e-01	 5.119130e+00	 
 1.169634e-04	 4.999114e-01	 1.999720e-01	 9.986546e-02	 2.001342e-01	 2.241431e+00	 
 1.064517e-04	 4.999194e-01	 1.999745e-01	 9.987755e-02	 2.001221e-01	 2.157117e+00	 
 1.839283e-04	 4.998607e-01	 1.999559e-01	 9.978843e-02	 2.002110e-01	 2.663735e+00	 
 9.958127e-05	 4.999246e-01	 1.999761e-01	 9.988545e-02	 2.001143e-01	 2.098466e+00	 
 1.310000e-04	 4.999008e-01	 1.999686e-01	 9.984932e-02	 2.001503e-01	 2.344877e+00	 
 1.370888e-04	 4.998962e-01	 1.999671e-01	 9.984231e-02	 2.001573e-01	 2.386854e+00	 
 3.995777e-04	 4.996974e-01	 1.999042e-01	 9.954038e-02	 2.004585e-01	 1.906027e+00	 
 1.014961e-04	 4.999231e-01	 1.999757e-01	 9.988325e-02	 2.001165e-01	 2.115109e+00	 
 1.639228e-03	 4.987584e-01	 1.996071e-01	 9.811445e-02	 2.018808e-01	 1.883241e+00	 
 1.751151e-04	 4.998674e-01	 1.999580e-01	 9.979857e-02	 2.002009e-01	 2.616946e+00	 
 6.627610e-04	 4.994980e-01	 1.998411e-01	 9.923765e-02	 2.007604e-01	 3.919436e+00	 
 6.311215e-04	 4.995220e-01	 1.998487e-01	 9.927404e-02	 2.007241e-01	 2.297443e+00	 
 1.411562e-04	 4.998931e-01	 1.999662e-01	 9.983763e-02	 2.001620e-01	 2.414005e+00	 
 6.733581e-04	 4.994900e-01	 1.998386e-01	 9.922546e-02	 2.007726e-01	 3.935179e+00	 
 7.208467e-04	 4.994540e-01	 1.998272e-01	 9.917083e-02	 2.008271e-01	 2.419246e+00	 
 5.760691e-04	 4.995637e-01	 1.998619e-01	 9.933737e-02	 2.006610e-01	 3.780415e+00	 
 1.301372e-04	 4.999014e-01	 1.999688e-01	 9.985031e-02	 2.001493e-01	 2.338794e+00	 
 5.464548e-04	 4.995861e-01	 1.998690e-01	 9.937143e-02	 2.006270e-01	 3.728134e+00	 
 1.017764e-04	 4.999229e-01	 1.999756e-01	 9.988293e-02	 2.001168e-01	 2.117525e+00	 
 9.047879e-05	 4.999315e-01	 1.999783e-01	 9.989593e-02	 2.001038e-01	 2.016087e+00	 
 2.456935e-04	 4.998139e-01	 1.999411e-01	 9.971739e-02	 2.002819e-01	 2.942697e+00	 
 7.754656e-03	 4.941266e-01	 1.981412e-01	 9.108008e-02	 2.088975e-01	 3.306447e+00	 
 2.271443e-04	 4.998280e-01	 1.999456e-01	 9.973872e-02	 2.002606e-01	 2.866622e+00	 
 1.487686e-04	 4.998873e-01	 1.999643e-01	 9.982888e-02	 2.001707e-01	 2.463028e+00	 
 2.359421e-04	 4.998213e-01	 1.999434e-01	 9.972860e-02	 2.002707e-01	 2.903414e+00	 
 1.738077e-04	 4.998684e-01	 1.999583e-01	 9.980007e-02	 2.001994e-01	 2.609821e+00	 
 1.445424e-04	 4.998905e-01	 1.999654e-01	 9.983374e-02	 2.001658e-01	 2.436092e+00	 
 9.078893e-05	 4.999312e-01	 1.999782e-01	 9.989557e-02	 2.001042e-01	 2.018985e+00	 
 2.461059e-04	 4.998136e-01	 1.999410e-01	 9.971691e-02	 2.002824e-01	 2.944326e+00	 
 9.848368e-05	 4.999254e-01	 1.999764e-01	 9.988672e-02	 2.001130e-01	 2.088821e+00	 
 1.055184e-04	 4.999201e-01	 1.999747e-01	 9.987863e-02	 2.001211e-01	 2.149320e+00	 
 1.751391e-04	 4.998673e-01	 1.999580e-01	 9.979854e-02	 2.002010e-01	 2.617076e+00	 
 1.294990e-04	 4.999019e-01	 1.999690e-01	 9.985104e-02	 2.001486e-01	 2.334272e+00	 
 9.753910e-05	 4.999261e-01	 1.999766e-01	 9.988780e-02	 2.001119e-01	 2.080459e+00	 
 9.133470e-05	 4.999308e-01	 1.999781e-01	 9.989494e-02	 2.001048e-01	 2.024069e+00	 
 2.438156e-03	 4.981533e-01	 1.994164e-01	 9.720110e-02	 2.027924e-01	 5.149943e+00	 
 8.031410e-03	 4.939170e-01	 1.980748e-01	 9.076174e-02	 2.092151e-01	 2.126018e+00	 
 2.085987e-03	 4.984201e-01	 1.995000e-01	 9.760056e-02	 2.023934e-01	 3.442439e+00	 
 3.869269e-04	 4.997069e-01	 1.999073e-01	 9.955493e-02	 2.004440e-01	 3.387148e+00	 
 5.414222e-04	 4.995899e-01	 1.998702e-01	 9.937722e-02	 2.006212e-01	 2.160502e+00	 
 1.058876e-04	 4.999198e-01	 1.999746e-01	 9.987820e-02	 2.001215e-01	 2.152410e+00	 
 1.014091e-03	 4.992319e-01	 1.997569e-01	 9.883353e-02	 2.011635e-01	 4.342243e+00	 
 1.392200e-04	 4.998946e-01	 1.999666e-01	 9.983986e-02	 2.001597e-01	 2.401167e+00	 
 1.153946e-04	 4.999126e-01	 1.999723e-01	 9.986727e-02	 2.001324e-01	 2.229241e+00	 
 1.003480e-03	 4.992400e-01	 1.997595e-01	 9.884573e-02	 2.011514e-01	 4.331773e+00	 
 2.419458e-04	 4.998167e-01	 1.999420e-01	 9.972170e-02	 2.002776e-01	 2.927779e+00	 
 5.304626e-04	 4.995982e-01	 1.998728e-01	 9.938983e-02	 2.006086e-01	 2.142583e+00	 
 2.246418e-04	 4.998299e-01	 1.999462e-01	 9.974160e-02	 2.002577e-01	 2.855909e+00	 
 8.992763e-04	 4.993189e-01	 1.997844e-01	 9.896559e-02	 2.010318e-01	 2.626474e+00	 
 6.467660e-03	 4.951013e-01	 1.984497e-01	 9.256047e-02	 2.074209e-01	 1.948806e+00	 
 1.212633e-03	 4.990815e-01	 1.997093e-01	 9.860515e-02	 2.013914e-01	 2.912771e+00	 
 1.450383e-04	 4.998901e-01	 1.999652e-01	 9.983317e-02	 2.001664e-01	 2.439289e+00	 
 1.286727e-04	 4.999025e-01	 1.999692e-01	 9.985199e-02	 2.001476e-01	 2.328390e+00	 
 7.079647e-04	 4.994638e-01	 1.998303e-01	 9.918565e-02	 2.008123e-01	 3.984934e+00	 
 1.923038e-04	 4.998543e-01	 1.999539e-01	 9.977880e-02	 2.002206e-01	 2.706317e+00	 
 2.689560e-04	 4.997963e-01	 1.999355e-01	 9.969063e-02	 2.003086e-01	 3.030695e+00	 
 1.709257e-03	 4.987054e-01	 1.995903e-01	 9.803390e-02	 2.019612e-01	 1.915381e+00	 
 8.225518e-04	 4.993770e-01	 1.998028e-01	 9.905385e-02	 2.009438e-01	 2.542334e+00	 
 2.282889e-03	 4.982709e-01	 1.994528e-01	 9.737407e-02	 2.026193e-01	 2.154806e+00	 
 9.003916e-04	 4.993180e-01	 1.997842e-01	 9.896431e-02	 2.010331e-01	 4.223907e+00	 
 2.211529e-04	 4.998325e-01	 1.999470e-01	 9.974562e-02	 2.002537e-01	 2.840784e+00	 
 2.772894e-04	 4.997900e-01	 1.999335e-01	 9.968104e-02	 2.003182e-01	 3.060449e+00	 
 9.570369e-05	 4.999275e-01	 1.999771e-01	 9.988992e-02	 2.001098e-01	 2.064043e+00	 
 1.872867e-04	 4.998581e-01	 1.999551e-01	 9.978457e-02	 2.002149e-01	 2.681021e+00	 
 1.180517e-04	 4.999106e-01	 1.999717e-01	 9.986421e-02	 2.001355e-01	 2.249809e+00	 
 7.771729e-04	 4.994114e-01	 1.998137e-01	 9.910604e-02	 2.008917e-01	 2.489182e+00	 
 5.784959e-04	 4.995618e-01	 1.998613e-01	 9.933458e-02	 2.006638e-01	 3.784581e+00	 
 1.589179e-04	 4.998796e-01	 1.999619e-01	 9.981720e-02	 2.001823e-01	 2.525033e+00	 
 9.262191e-05	 4.999298e-01	 1.999778e-01	 9.989346e-02	 2.001063e-01	 2.035979e+00	 
 1.771988e-04	 4.998658e-01	 1.999575e-01	 9.979617e-02	 2.002033e-01	 2.628201e+00	 
 1.462645e-03	 4.988922e-01	 1.996494e-01	 9.831757e-02	 2.016782e-01	 1.800034e+00	 
 1.536455e-03	 4.988363e-01	 1.996317e-01	 9.823267e-02	 2.017629e-01	 1.835126e+00	 
 3.784424e-04	 4.997134e-01	 1.999093e-01	 9.956469e-02	 2.004342e-01	 3.365321e+00	 
 7.823861e-04	 4.994074e-01	 1.998125e-01	 9.910005e-02	 2.008977e-01	 2.495426e+00	 
 1.900317e-04	 4.998561e-01	 1.999544e-01	 9.978141e-02	 2.002180e-01	 2.694938e+00	 
 1.055075e-04	 4.999201e-01	 1.999902e-01	 9.988390e-02	 2.001003e-01	 2.051429e+00	 
 1.066280e-04	 4.999192e-01	 1.999901e-01	 9.988267e-02	 2.001013e-01	 2.060782e+00	 
 3.101534e-04	 4.997651e-01	 1.999713e-01	 9.965871e-02	 2.002947e-01	 3.073380e+00	 
 9.176269e-05	 4.999305e-01	 1.999915e-01	 9.989903e-02	 2.000872e-01	 1.930409e+00	 
 5.901425e-04	 4.995530e-01	 1.999454e-01	 9.935062e-02	 2.005608e-01	 3.708275e+00	 
 1.110439e-04	 4.999159e-01	 1.999897e-01	 9.987781e-02	 2.001055e-01	 2.096926e+00	 
 1.005755e-04	 4.999238e-01	 1.999907e-01	 9.988933e-02	 2.000956e-01	 2.009362e+00	 
 1.707328e-03	 4.987069e-01	 1.998421e-01	 9.812129e-02	 2.016224e-01	 1.817327e+00	 
 1.212523e-03	 4.990816e-01	 1.998879e-01	 9.866576e-02	 2.011522e-01	 2.815402e+00	 
 7.059177e-03	 4.946533e-01	 1.993472e-01	 9.223223e-02	 2.067080e-01	 1.920440e+00	 
 1.039772e-04	 4.999212e-01	 1.999904e-01	 9.988559e-02	 2.000988e-01	 2.038536e+00	 
 1.193914e-04	 4.999096e-01	 1.999890e-01	 9.986862e-02	 2.001135e-01	 2.162272e+00	 
 1.464251e-04	 4.998891e-01	 1.999865e-01	 9.983888e-02	 2.001391e-01	 2.350640e+00	 
 1.624921e-04	 4.998769e-01	 1.999850e-01	 9.982120e-02	 2.001544e-01	 2.448636e+00	 
 5.490851e-04	 4.995841e-01	 1.999492e-01	 9.939580e-02	 2.005218e-01	 2.074680e+00	 
 1.989159e-03	 4.984934e-01	 1.998161e-01	 9.781117e-02	 2.018902e-01	 1.939472e+00	 
 9.080066e-04	 4.993123e-01	 1.999160e-01	 9.900085e-02	 2.008628e-01	 4.136415e+00	 
 1.729389e-04	 4.998690e-01	 1.999840e-01	 9.980970e-02	 2.001643e-01	 2.507762e+00	 
 2.535326e-04	 4.998080e-01	 1.999766e-01	 9.972102e-02	 2.002409e-01	 2.876435e+00	 
 1.851278e-04	 4.998598e-01	 1.999829e-01	 9.979629e-02	 2.001759e-01	 2.572745e+00	 
 6.717362e-04	 4.994912e-01	 1.999379e-01	 9.926084e-02	 2.006383e-01	 2.256179e+00	 
 9.810764e-05	 4.999257e-01	 1.999909e-01	 9.989204e-02	 2.000932e-01	 1.987750e+00	 
 4.866192e-04	 4.996314e-01	 1.999550e-01	 9.946453e-02	 2.004624e-01	 3.517200e+00	 
 4.796962e-04	 4.996367e-01	 1.999556e-01	 9.947215e-02	 2.004558e-01	 1.957874e+00	 
 1.009881e-04	 4.999235e-01	 1.999907e-01	 9.988887e-02	 2.000960e-01	 2.012939e+00	 
 2.561802e-04	 4.998060e-01	 1.999763e-01	 9.971810e-02	 2.002434e-01	 2.886550e+00	 
 4.654739e-03	 4.964745e-01	 1.995696e-01	 9.487802e-02	 2.044232e-01	 2.713813e+00	 
 2.596228e-03	 4.980336e-01	 1.997599e-01	 9.714317e-02	 2.024671e-01	 2.169620e+00	 
 1.964822e-04	 4.998512e-01	 1.999818e-01	 9.978380e-02	 2.001867e-01	 2.629806e+00	 
 2.745409e-04	 4.997921e-01	 1.999746e-01	 9.969790e-02	 2.002609e-01	 2.954049e+00	 
 9.284406e-03	 4.929679e-01	 1.991540e-01	 8.989353e-02	 2.087275e-01	 5.511615e+00	 
 1.989431e-03	 4.984932e-01	 1.998160e-01	 9.781087e-02	 2.018905e-01	 1.939585e+00	 
 9.248710e-05	 4.999299e-01	 1.999914e-01	 9.989823e-02	 2.000879e-01	 1.937086e+00	 
 2.335255e-04	 4.998231e-01	 1.999784e-01	 9.974303e-02	 2.002219e-01	 2.796561e+00	 
 5.210855e-04	 4.996053e-01	 1.998751e-01	 9.940061e-02	 2.005979e-01	 2.127031e+00	 
 6.568577e-04	 4.995025e-01	 1.998425e-01	 9.924444e-02	 2.007537e-01	 3.910557e+00	 
 1.081016e-04	 4.999181e-01	 1.999741e-01	 9.987565e-02	 2.001240e-01	 2.170772e+00	 
 1.136507e-04	 4.999139e-01	 1.999728e-01	 9.986927e-02	 2.001304e-01	 2.215533e+00	 
 3.776525e-04	 4.997140e-01	 1.999095e-01	 9.956560e-02	 2.004333e-01	 3.363264e+00	 
 3.791705e-04	 4.997128e-01	 1.999091e-01	 9.956385e-02	 2.004351e-01	 3.367212e+00	 
 4.275310e-04	 4.996762e-01	 1.998975e-01	 9.950823e-02	 2.004905e-01	 1.960133e+00	 
 7.322415e-03	 4.944539e-01	 1.982448e-01	 9.157727e-02	 2.084016e-01	 2.048568e+00	 
 3.990208e-03	 4.969778e-01	 1.990435e-01	 9.541020e-02	 2.045783e-01	 4.083985e+00	 
 1.278269e-03	 4.990318e-01	 1.996936e-01	 9.852965e-02	 2.014667e-01	 4.572832e+00	 
 6.530497e-03	 4.950538e-01	 1.984346e-01	 9.248819e-02	 2.074930e-01	 1.956375e+00	 
 5.305471e-03	 4.959816e-01	 1.987282e-01	 9.389729e-02	 2.060874e-01	 1.803269e+00	 
 5.306648e-04	 4.995981e-01	 1.998728e-01	 9.938959e-02	 2.006089e-01	 3.699103e+00	 
 6.613591e-04	 4.994991e-01	 1.998415e-01	 9.923926e-02	 2.007588e-01	 3.917335e+00	 
 2.470839e-04	 4.998129e-01	 1.999408e-01	 9.971579e-02	 2.002835e-01	 2.948177e+00	 
 1.136635e-04	 4.999139e-01	 1.999728e-01	 9.986926e-02	 2.001304e-01	 2.215635e+00	 
 2.301254e-04	 4.998257e-01	 1.999448e-01	 9.973529e-02	 2.002640e-01	 2.879238e+00	 
 1.113458e-04	 4.999157e-01	 1.999733e-01	 9.987192e-02	 2.001278e-01	 2.197155e+00	 
 2.391682e-04	 4.998189e-01	 1.999427e-01	 9.972489e-02	 2.002744e-01	 2.916579e+00	 
 1.348409e-04	 4.998979e-01	 1.999677e-01	 9.984490e-02	 2.001547e-01	 2.371547e+00	 
 2.756349e-04	 4.997912e-01	 1.999339e-01	 9.968295e-02	 2.003163e-01	 3.054611e+00	 
 4.929666e-03	 4.962662e-01	 1.988183e-01	 9.432957e-02	 2.056562e-01	 1.754982e+00	 
 4.251070e-04	 4.996780e-01	 1.998981e-01	 9.951101e-02	 2.004878e-01	 1.955517e+00	 
 2.769509e-04	 4.997902e-01	 1.999336e-01	 9.968143e-02	 2.003178e-01	 3.059257e+00	 
 3.709716e-04	 4.997190e-01	 1.999111e-01	 9.957328e-02	 2.004256e-01	 3.345700e+00	 
 4.154667e-04	 4.996853e-01	 1.999004e-01	 9.952210e-02	 2.004767e-01	 3.457278e+00	 
 2.381886e-03	 4.981959e-01	 1.994290e-01	 9.726020e-02	 2.027329e-01	 2.191856e+00	 
 1.041573e-04	 4.999211e-01	 1.999750e-01	 9.988019e-02	 2.001195e-01	 2.137855e+00	 
 1.337803e-02	 4.898674e-01	 1.967932e-01	 8.461170e-02	 2.153497e-01	 2.584595e+00	 
 5.141979e-04	 4.996105e-01	 1.998767e-01	 9.940854e-02	 2.005900e-01	 2.115477e+00	 
 4.665632e-04	 4.996466e-01	 1.998882e-01	 9.946333e-02	 2.005353e-01	 3.571776e+00	 
 3.470404e-03	 4.973715e-01	 1.991681e-01	 9.600811e-02	 2.039819e-01	 2.533857e+00	 
 1.244740e-04	 4.999057e-01	 1.999702e-01	 9.985682e-02	 2.001428e-01	 2.297996e+00	 
 5.546593e-03	 4.957990e-01	 1.986704e-01	 9.361994e-02	 2.063641e-01	 2.980329e+00	 
 1.591108e-03	 4.987949e-01	 1.996186e-01	 9.816981e-02	 2.018256e-01	 4.790938e+00	 
 1.161537e-03	 4.991202e-01	 1.997216e-01	 9.866392e-02	 2.013327e-01	 4.477423e+00	 
 3.130355e-03	 4.482563e-01	 2.013175e-01	 1.341375e-01	 2.140144e-01	 4.507066e+00	 
 2.661457e-03	 4.560070e-01	 2.012537e-01	 1.354845e-01	 2.053834e-01	 4.471362e+00	 
 2.856522e-03	 4.527826e-01	 2.012812e-01	 1.349732e-01	 2.089242e-01	 4.486548e+00	 
 6.613538e-04	 4.890680e-01	 2.017462e-01	 1.768092e-01	 1.327102e-01	 4.539676e+00	 
 1.492992e-03	 4.753213e-01	 2.010504e-01	 1.367156e-01	 1.860329e-01	 4.367742e+00	 
 1.424595e-03	 4.764519e-01	 2.018647e-01	 1.752650e-01	 1.461195e-01	 4.596177e+00	 
 1.132688e-04	 4.999142e-01	 1.999728e-01	 9.986971e-02	 2.001300e-01	 2.212509e+00	 
 1.233378e-04	 4.999066e-01	 1.999704e-01	 9.985813e-02	 2.001415e-01	 2.289624e+00	 
 6.266465e-04	 4.995254e-01	 1.998498e-01	 9.927919e-02	 2.007190e-01	 3.863846e+00	 
 1.542497e-04	 4.998832e-01	 1.999630e-01	 9.982257e-02	 2.001770e-01	 2.496968e+00	 
 1.211812e-04	 4.999082e-01	 1.999710e-01	 9.986061e-02	 2.001390e-01	 2.273554e+00	 
 1.071123e-04	 4.999189e-01	 1.999743e-01	 9.987679e-02	 2.001229e-01	 2.162603e+00	 
 2.580149e-03	 4.980458e-01	 1.993815e-01	 9.703214e-02	 2.029604e-01	 2.262638e+00	 
 1.101638e-04	 4.999166e-01	 1.999736e-01	 9.987328e-02	 2.001264e-01	 2.187613e+00	 
 1.306295e-04	 4.999011e-01	 1.999687e-01	 9.984974e-02	 2.001499e-01	 2.342269e+00	 
 1.256408e-04	 4.999048e-01	 1.999699e-01	 9.985548e-02	 2.001442e-01	 2.306528e+00	 
 2.371709e-04	 4.998204e-01	 1.999431e-01	 9.972719e-02	 2.002721e-01	 2.908449e+00	 
 9.736041e-05	 4.999263e-01	 1.999767e-01	 9.988801e-02	 2.001117e-01	 2.078870e+00	 
 2.015795e-04	 4.998473e-01	 1.999517e-01	 9.976813e-02	 2.002313e-01	 2.751505e+00	 
 1.025593e-04	 4.999223e-01	 1.999754e-01	 9.988203e-02	 2.001177e-01	 2.124249e+00	 
 1.063837e-04	 4.999194e-01	 1.999745e-01	 9.987763e-02	 2.001221e-01	 2.156550e+00	 
 8.552395e-04	 4.993522e-01	 1.997950e-01	 9.901625e-02	 2.009813e-01	 4.172737e+00	 
 4.354735e-04	 4.996702e-01	 1.998956e-01	 9.949909e-02	 2.004997e-01	 3.503676e+00	 
 3.146249e-04	 4.997617e-01	 1.999246e-01	 9.963810e-02	 2.003610e-01	 3.183951e+00	 
 2.377190e-04	 4.998199e-01	 1.999430e-01	 9.972656e-02	 2.002728e-01	 2.910686e+00	 
 1.483877e-04	 4.998876e-01	 1.999644e-01	 9.982931e-02	 2.001703e-01	 2.460628e+00	 
 4.026781e-03	 4.969501e-01	 1.990348e-01	 9.536813e-02	 2.046202e-01	 2.673696e+00	 
 1.573212e-04	 4.998808e-01	 1.999623e-01	 9.981904e-02	 2.001805e-01	 2.515518e+00	 
 1.301059e-04	 4.999015e-01	 1.999688e-01	 9.985034e-02	 2.001493e-01	 2.338573e+00	 
 1.469116e-04	 4.998887e-01	 1.999648e-01	 9.983101e-02	 2.001686e-01	 2.451277e+00	 
 5.124512e-03	 4.961187e-01	 1.987716e-01	 9.410544e-02	 2.058798e-01	 4.332633e+00	 
 1.488440e-04	 4.998873e-01	 1.999643e-01	 9.982879e-02	 2.001708e-01	 2.463502e+00	 
 5.323750e-04	 4.995968e-01	 1.998724e-01	 9.938763e-02	 2.006108e-01	 2.145730e+00	 
 1.047621e-04	 4.999207e-01	 1.999749e-01	 9.987950e-02	 2.001202e-01	 2.142963e+00	 
 3.178109e-04	 4.997593e-01	 1.999238e-01	 9.963443e-02	 2.003646e-01	 3.193823e+00	 
 7.591641e-03	 4.942500e-01	 1.981802e-01	 9.126759e-02	 2.087105e-01	 2.078540e+00	 
 1.673348e-04	 4.998733e-01	 1.999599e-01	 9.980752e-02	 2.001920e-01	 2.573807e+00	 
 9.604656e-03	 4.927254e-01	 1.976977e-01	 8.895208e-02	 2.110202e-01	 2.281826e+00	 
 9.641417e-05	 4.999270e-01	 1.999769e-01	 9.988910e-02	 2.001106e-01	 2.070423e+00	 
 1.189133e-04	 4.999099e-01	 1.999715e-01	 9.986322e-02	 2.001364e-01	 2.256397e+00	 
 1.519900e-03	 4.988488e-01	 1.996357e-01	 9.825171e-02	 2.017439e-01	 1.827287e+00	 
 4.818202e-03	 4.963507e-01	 1.988535e-01	 9.451311e-02	 2.054781e-01	 5.384553e+00	 
 7.837631e-03	 4.940637e-01	 1.981213e-01	 9.098463e-02	 2.089927e-01	 2.105321e+00	 
 1.350162e-03	 4.989774e-01	 1.996764e-01	 9.844695e-02	 2.015491e-01	 4.627363e+00	 
 1.011796e-03	 4.992337e-01	 1.997575e-01	 9.883616e-02	 2.011609e-01	 4.339989e+00	 
 5.275935e-04	 4.996004e-01	 1.998735e-01	 9.939313e-02	 2.006054e-01	 2.137847e+00	 
 6.631872e-04	 4.994977e-01	 1.998410e-01	 9.923716e-02	 2.007609e-01	 3.920074e+00	 
 2.675077e-04	 4.997974e-01	 1.999823e-01	 9.969201e-02	 2.002608e-01	 2.943741e+00	 
 2.730727e-04	 4.997932e-01	 1.999819e-01	 9.968560e-02	 2.002662e-01	 2.963836e+00	 
 2.226388e-03	 4.983137e-01	 1.998528e-01	 9.743669e-02	 2.021704e-01	 2.050089e+00	 
 1.422256e-03	 4.989228e-01	 1.999059e-01	 9.836251e-02	 2.013865e-01	 4.598556e+00	 
 1.439601e-04	 4.998910e-01	 1.999905e-01	 9.983425e-02	 2.001403e-01	 2.349665e+00	 
 1.484837e-03	 4.988754e-01	 1.999018e-01	 9.829046e-02	 2.014475e-01	 4.641492e+00	 
 1.450241e-04	 4.998902e-01	 1.999904e-01	 9.983303e-02	 2.001414e-01	 2.356548e+00	 
 1.943810e-04	 4.998528e-01	 1.999871e-01	 9.977620e-02	 2.001895e-01	 2.634452e+00	 
 1.783354e-03	 4.986493e-01	 1.998821e-01	 9.794677e-02	 2.017385e-01	 3.206802e+00	 
 9.731869e-05	 4.999263e-01	 1.999936e-01	 9.988795e-02	 2.000949e-01	 1.995536e+00	 
 1.135098e-04	 4.999140e-01	 1.999925e-01	 9.986931e-02	 2.001107e-01	 2.131452e+00	 
 8.104169e-04	 4.993862e-01	 1.999464e-01	 9.906694e-02	 2.007901e-01	 2.445622e+00	 
 1.653897e-03	 4.987473e-01	 1.998906e-01	 9.809582e-02	 2.016123e-01	 4.748944e+00	 
 1.561776e-04	 4.998817e-01	 1.999897e-01	 9.982019e-02	 2.001523e-01	 2.426123e+00	 
 1.604568e-03	 4.987847e-01	 1.998939e-01	 9.815261e-02	 2.015642e-01	 4.718794e+00	 
 9.207638e-05	 4.999303e-01	 1.999939e-01	 9.989399e-02	 2.000898e-01	 1.948061e+00	 
 3.739972e-04	 4.997167e-01	 1.999753e-01	 9.956941e-02	 2.003646e-01	 3.272367e+00	 
 1.649821e-04	 4.998750e-01	 1.999891e-01	 9.981005e-02	 2.001608e-01	 2.477969e+00	 
 6.661856e-04	 4.994954e-01	 1.999559e-01	 9.923300e-02	 2.006494e-01	 3.843626e+00	 
 8.809107e-04	 4.993328e-01	 1.999417e-01	 9.898578e-02	 2.008588e-01	 4.121348e+00	 
 8.885978e-04	 4.993270e-01	 1.999412e-01	 9.897693e-02	 2.008663e-01	 4.129993e+00	 
 2.340121e-04	 4.998228e-01	 1.999845e-01	 9.973057e-02	 2.002281e-01	 2.813582e+00	 
 7.550355e-04	 4.994281e-01	 1.999501e-01	 9.913070e-02	 2.007361e-01	 2.379380e+00	 
 1.314182e-04	 4.999005e-01	 1.999913e-01	 9.984869e-02	 2.001281e-01	 2.265011e+00	 
 1.458932e-04	 4.998895e-01	 1.999904e-01	 9.983203e-02	 2.001422e-01	 2.362137e+00	 
 1.658040e-04	 4.998744e-01	 1.999890e-01	 9.980910e-02	 2.001616e-01	 2.482680e+00	 
 6.433479e-04	 4.995127e-01	 1.999575e-01	 9.925929e-02	 2.006272e-01	 3.808995e+00	 
 1.076240e-03	 4.991848e-01	 1.999288e-01	 9.876089e-02	 2.010492e-01	 2.715519e+00	 
 2.763651e-04	 4.997907e-01	 1.999817e-01	 9.968181e-02	 2.002694e-01	 2.975539e+00	 
 4.526111e-04	 4.996572e-01	 1.999701e-01	 9.947889e-02	 2.004412e-01	 3.460620e+00	 
 4.397023e-04	 4.996670e-01	 1.999709e-01	 9.949376e-02	 2.004287e-01	 3.432027e+00	 
 9.744489e-04	 4.992619e-01	 1.997664e-01	 9.887912e-02	 2.011181e-01	 4.302554e+00	 
 1.219519e-03	 4.990763e-01	 1.997077e-01	 9.859723e-02	 2.013993e-01	 2.918243e+00	 
 2.724473e-04	 4.997936e-01	 1.999201e-01	 9.958506e-02	 2.004526e-01	 5.571488e+00	 
 3.295870e-04	 4.997504e-01	 1.999210e-01	 9.962089e-02	 2.003782e-01	 3.229495e+00	 
 3.583344e-04	 4.997286e-01	 1.999141e-01	 9.958782e-02	 2.004111e-01	 3.311616e+00	 
 3.179307e-04	 4.997592e-01	 1.999238e-01	 9.963429e-02	 2.003648e-01	 3.194193e+00	 
 1.944658e-04	 4.998527e-01	 1.999534e-01	 9.977631e-02	 2.002231e-01	 2.717029e+00	 
 4.383642e-04	 4.996680e-01	 1.998949e-01	 9.949576e-02	 2.005030e-01	 3.510207e+00	 
 1.854575e-04	 4.998595e-01	 1.999555e-01	 9.978667e-02	 2.002128e-01	 2.671642e+00	 
 1.067777e-04	 4.999191e-01	 1.999744e-01	 9.987718e-02	 2.001225e-01	 2.159827e+00	 
 1.201755e-04	 4.999090e-01	 1.999712e-01	 9.986177e-02	 2.001379e-01	 2.265979e+00	 
 9.669488e-05	 4.999268e-01	 1.999768e-01	 9.988878e-02	 2.001109e-01	 2.072935e+00	 
 1.068037e-04	 4.999191e-01	 1.999744e-01	 9.987715e-02	 2.001225e-01	 2.160043e+00	 
 6.386365e-04	 4.995163e-01	 1.998469e-01	 9.926540e-02	 2.007328e-01	 2.308186e+00	 
 1.751629e-04	 4.998673e-01	 1.999580e-01	 9.979852e-02	 2.002010e-01	 2.617205e+00	 
 1.687087e-04	 4.998722e-01	 1.999596e-01	 9.980594e-02	 2.001936e-01	 2.581557e+00	 
 1.825438e-03	 4.986174e-01	 1.995624e-01	 9.790026e-02	 2.020945e-01	 1.967372e+00	 
 1.537125e-03	 4.988358e-01	 1.996315e-01	 9.823190e-02	 2.017637e-01	 1.835443e+00	 
 4.933767e-04	 4.996263e-01	 1.998817e-01	 9.943249e-02	 2.005661e-01	 3.627014e+00	 
 1.009005e-04	 4.999236e-01	 1.999758e-01	 9.988394e-02	 2.001158e-01	 2.109957e+00	 
 1.250403e-03	 4.990529e-01	 1.997003e-01	 9.856170e-02	 2.014347e-01	 4.550869e+00	 
 1.592198e-04	 4.998794e-01	 1.999618e-01	 9.981685e-02	 2.001827e-01	 2.526822e+00	 
 1.195075e-04	 4.999095e-01	 1.999714e-01	 9.986253e-02	 2.001371e-01	 2.260918e+00	 
 3.206408e-04	 4.997571e-01	 1.999231e-01	 9.963118e-02	 2.003679e-01	 3.202511e+00	 
 1.866740e-04	 4.998586e-01	 1.999553e-01	 9.978528e-02	 2.002142e-01	 2.677889e+00	 
 3.081076e-04	 4.997666e-01	 1.999642e-01	 9.964536e-02	 2.003157e-01	 3.103445e+00	 
 2.130386e-03	 4.983864e-01	 1.997522e-01	 9.754788e-02	 2.021831e-01	 2.035177e+00	 
 2.100132e-03	 4.984093e-01	 1.997558e-01	 9.758270e-02	 2.021521e-01	 2.023068e+00	 
 1.705943e-04	 4.998708e-01	 1.999802e-01	 9.980364e-02	 2.001748e-01	 2.531765e+00	 
 1.991295e-03	 4.984918e-01	 1.997684e-01	 9.770797e-02	 2.020405e-01	 1.978542e+00	 
 1.108294e-04	 4.999161e-01	 1.999871e-01	 9.987243e-02	 2.001136e-01	 2.132581e+00	 
 7.986650e-04	 4.993951e-01	 1.999071e-01	 9.908072e-02	 2.008184e-01	 4.044993e+00	 
 1.033144e-04	 4.999217e-01	 1.999880e-01	 9.988108e-02	 2.001059e-01	 2.070336e+00	 
 4.147954e-04	 4.996858e-01	 1.999518e-01	 9.952256e-02	 2.004251e-01	 1.876072e+00	 
 1.550979e-04	 4.998825e-01	 1.999820e-01	 9.982148e-02	 2.001589e-01	 2.441741e+00	 
 1.791514e-03	 4.986431e-01	 1.997916e-01	 9.793793e-02	 2.018358e-01	 1.892866e+00	 
 1.617125e-04	 4.998775e-01	 1.999812e-01	 9.981387e-02	 2.001657e-01	 2.481120e+00	 
 5.808547e-04	 4.995601e-01	 1.999324e-01	 9.933142e-02	 2.005952e-01	 3.728838e+00	 
 1.602038e-04	 4.998787e-01	 1.999814e-01	 9.981560e-02	 2.001642e-01	 2.472268e+00	 
 1.413612e-04	 4.998929e-01	 1.999836e-01	 9.983729e-02	 2.001449e-01	 2.354936e+00	 
 1.356198e-04	 4.998973e-01	 1.999842e-01	 9.984390e-02	 2.001390e-01	 2.316444e+00	 
 7.627480e-04	 4.994223e-01	 1.999113e-01	 9.912206e-02	 2.007816e-01	 3.999257e+00	 
 1.971917e-03	 4.985065e-01	 1.997707e-01	 9.773028e-02	 2.020207e-01	 1.970454e+00	 
 1.081828e-04	 4.999181e-01	 1.999874e-01	 9.987548e-02	 2.001109e-01	 2.111038e+00	 
 1.570485e-04	 4.998811e-01	 1.999817e-01	 9.981923e-02	 2.001609e-01	 2.453508e+00	 
 2.084309e-04	 4.998421e-01	 1.999758e-01	 9.976009e-02	 2.002136e-01	 2.723432e+00	 
 8.873758e-04	 4.993279e-01	 1.998968e-01	 9.897861e-02	 2.009093e-01	 2.553428e+00	 
 2.222088e-04	 4.998317e-01	 1.999742e-01	 9.974423e-02	 2.002277e-01	 2.785205e+00	 
 8.714048e-04	 4.993400e-01	 1.998987e-01	 9.899699e-02	 2.008930e-01	 4.131673e+00	 
 1.817800e-03	 4.986232e-01	 1.997886e-01	 9.790774e-02	 2.018627e-01	 4.863263e+00	 
 2.156742e-04	 4.998366e-01	 1.999749e-01	 9.975175e-02	 2.002210e-01	 2.756372e+00	 
 1.641962e-04	 4.998756e-01	 1.999809e-01	 9.981101e-02	 2.001683e-01	 2.495532e+00	 
 2.498746e-04	 4.998107e-01	 1.999709e-01	 9.971239e-02	 2.002561e-01	 2.898973e+00	 
 3.404619e-04	 4.997421e-01	 1.999604e-01	 9.960812e-02	 2.003489e-01	 3.201392e+00	 
 1.524872e-04	 4.998845e-01	 1.999823e-01	 9.982448e-02	 2.001563e-01	 2.425783e+00	 
 2.444531e-03	 4.981485e-01	 1.997162e-01	 9.719004e-02	 2.025017e-01	 5.108214e+00	 
 1.383418e-04	 4.998952e-01	 1.999839e-01	 9.984077e-02	 2.001418e-01	 2.334865e+00	 
 8.063094e-04	 4.993893e-01	 1.998067e-01	 9.907253e-02	 2.009251e-01	 4.114164e+00	 
 1.680895e-04	 4.998727e-01	 1.999597e-01	 9.980665e-02	 2.001929e-01	 2.578071e+00	 
 6.797718e-04	 4.994851e-01	 1.998371e-01	 9.921808e-02	 2.007800e-01	 3.944589e+00	 
 8.443811e-04	 4.993605e-01	 1.997976e-01	 9.902874e-02	 2.009688e-01	 2.566973e+00	 
 1.304404e-04	 4.999012e-01	 1.999687e-01	 9.984996e-02	 2.001497e-01	 2.340936e+00	 
 1.396459e-03	 4.989423e-01	 1.996653e-01	 9.839370e-02	 2.016023e-01	 4.660967e+00	 
 2.358759e-04	 4.998213e-01	 1.999435e-01	 9.972868e-02	 2.002706e-01	 2.903142e+00	 
 6.463334e-04	 4.995105e-01	 1.998451e-01	 9.925654e-02	 2.007416e-01	 3.894531e+00	 
 1.326905e-04	 4.998995e-01	 1.999682e-01	 9.984737e-02	 2.001522e-01	 2.356697e+00	 
 9.282546e-05	 4.999297e-01	 1.999777e-01	 9.989323e-02	 2.001065e-01	 2.037852e+00	 
 2.171637e-03	 4.983552e-01	 1.994794e-01	 9.750204e-02	 2.024917e-01	 3.482053e+00	 
 1.111498e-04	 4.999158e-01	 1.999734e-01	 9.987215e-02	 2.001275e-01	 2.195578e+00	 
 9.653727e-05	 4.999269e-01	 1.999769e-01	 9.988896e-02	 2.001108e-01	 2.071526e+00	 
 2.385554e-03	 4.981932e-01	 1.994282e-01	 9.725598e-02	 2.027371e-01	 2.193206e+00	 
 1.030880e-04	 4.999219e-01	 1.999753e-01	 9.988142e-02	 2.001183e-01	 2.128768e+00	 
 6.247427e-04	 4.995268e-01	 1.998502e-01	 9.928138e-02	 2.007168e-01	 3.860828e+00	 
 1.922318e-04	 4.998544e-01	 1.999539e-01	 9.977888e-02	 2.002206e-01	 2.705959e+00	 
 1.156783e-04	 4.999124e-01	 1.999723e-01	 9.986694e-02	 2.001327e-01	 2.231456e+00	 
 9.784144e-05	 4.999259e-01	 1.999765e-01	 9.988746e-02	 2.001123e-01	 2.083142e+00	 
 1.478791e-03	 4.988800e-01	 1.996455e-01	 9.829900e-02	 2.016967e-01	 1.807739e+00	 
 3.265359e-04	 4.997527e-01	 1.999217e-01	 9.962440e-02	 2.003747e-01	 3.220373e+00	 
 6.164051e-04	 4.995331e-01	 1.998522e-01	 9.929097e-02	 2.007073e-01	 2.276095e+00	 
 9.509626e-05	 4.999280e-01	 1.999772e-01	 9.989061e-02	 2.001091e-01	 2.058561e+00	 
 1.232402e-04	 4.999067e-01	 1.999705e-01	 9.985824e-02	 2.001414e-01	 2.288902e+00	 
 5.138191e-04	 4.996108e-01	 1.998768e-01	 9.940897e-02	 2.005895e-01	 2.114838e+00	 
 7.325806e-04	 4.994451e-01	 1.998244e-01	 9.915734e-02	 2.008405e-01	 2.434201e+00	 
 3.043154e-04	 4.997695e-01	 1.999271e-01	 9.964996e-02	 2.003492e-01	 3.151329e+00	 
 1.177678e-04	 4.999108e-01	 1.999718e-01	 9.986454e-02	 2.001351e-01	 2.247629e+00	 
 1.903076e-04	 4.998559e-01	 1.999544e-01	 9.978110e-02	 2.002184e-01	 2.696327e+00	 
 1.746108e-04	 4.998677e-01	 1.999581e-01	 9.979915e-02	 2.002003e-01	 2.614203e+00	 
 1.363800e-04	 4.998967e-01	 1.999673e-01	 9.984313e-02	 2.001565e-01	 2.382051e+00	 
 2.158013e-03	 4.983655e-01	 1.994827e-01	 9.751771e-02	 2.024761e-01	 2.106348e+00	 
 1.440339e-04	 4.998909e-01	 1.999655e-01	 9.983432e-02	 2.001653e-01	 2.432805e+00	 
 1.632382e-04	 4.998764e-01	 1.999609e-01	 9.981223e-02	 2.001873e-01	 2.550353e+00	 
 1.197123e-04	 4.999093e-01	 1.999713e-01	 9.986230e-02	 2.001374e-01	 2.262472e+00	 
 3.253149e-04	 4.997536e-01	 1.999220e-01	 9.962580e-02	 2.003733e-01	 3.216700e+00	 
 4.130590e-04	 4.996871e-01	 1.999010e-01	 9.952487e-02	 2.004739e-01	 3.451547e+00	 
 1.227656e-04	 4.999070e-01	 1.999706e-01	 9.985879e-02	 2.001409e-01	 2.285383e+00	 
 4.724580e-04	 4.996422e-01	 1.998867e-01	 9.945655e-02	 2.005421e-01	 3.584184e+00	 
 1.260203e-04	 4.999046e-01	 1.999698e-01	 9.985504e-02	 2.001446e-01	 2.309288e+00	 
 1.449287e-04	 4.998902e-01	 1.999653e-01	 9.983329e-02	 2.001663e-01	 2.438583e+00	 
 2.045653e-04	 4.998451e-01	 1.999510e-01	 9.976470e-02	 2.002347e-01	 2.765638e+00	 
 1.842877e-04	 4.998604e-01	 1.999558e-01	 9.978802e-02	 2.002114e-01	 2.665599e+00	 
 3.304405e-04	 4.997497e-01	 1.999208e-01	 9.961991e-02	 2.003791e-01	 3.232032e+00	 
 3.032419e-04	 4.997703e-01	 1.999273e-01	 9.965119e-02	 2.003479e-01	 3.147871e+00	 
 5.498170e-04	 4.995836e-01	 1.998682e-01	 9.936756e-02	 2.006308e-01	 3.734208e+00	 
 2.951385e-04	 4.997765e-01	 1.999293e-01	 9.966051e-02	 2.003386e-01	 3.121377e+00	 
 2.238826e-04	 4.998304e-01	 1.999463e-01	 9.974248e-02	 2.002569e-01	 2.852637e+00	 
 1.043882e-04	 4.999209e-01	 1.999750e-01	 9.987993e-02	 2.001198e-01	 2.139808e+00	 
 1.165341e-04	 4.999117e-01	 1.999721e-01	 9.986595e-02	 2.001337e-01	 2.238108e+00	 
 1.046853e-04	 4.999207e-01	 1.999749e-01	 9.987958e-02	 2.001201e-01	 2.142316e+00	 
 1.190956e-04	 4.999098e-01	 1.999715e-01	 9.986301e-02	 2.001366e-01	 2.257786e+00	 
 1.184468e-03	 4.991029e-01	 1.998763e-01	 9.863656e-02	 2.011998e-01	 2.824453e+00	 
 2.332292e-04	 4.998234e-01	 1.999756e-01	 9.973153e-02	 2.002362e-01	 2.826743e+00	 
 7.715782e-04	 4.994156e-01	 1.999194e-01	 9.911184e-02	 2.007816e-01	 4.005486e+00	 
 5.069520e-04	 4.996160e-01	 1.999471e-01	 9.941645e-02	 2.005135e-01	 2.037433e+00	 
 4.732020e-04	 4.996416e-01	 1.999506e-01	 9.945530e-02	 2.004793e-01	 3.520666e+00	 
 9.668892e-05	 4.999268e-01	 1.999899e-01	 9.988870e-02	 2.000979e-01	 2.007141e+00	 
 1.094440e-04	 4.999171e-01	 1.999886e-01	 9.987402e-02	 2.001109e-01	 2.115900e+00	 
 4.245901e-04	 4.996784e-01	 1.999557e-01	 9.951126e-02	 2.004301e-01	 3.413584e+00	 
 1.805658e-03	 4.986324e-01	 1.998114e-01	 9.792151e-02	 2.018290e-01	 1.893668e+00	 
 1.450061e-04	 4.998902e-01	 1.999849e-01	 9.983308e-02	 2.001469e-01	 2.373269e+00	 
 1.070599e-04	 4.999189e-01	 1.999888e-01	 9.987676e-02	 2.001084e-01	 2.096319e+00	 
 1.639080e-04	 4.998759e-01	 1.999829e-01	 9.981133e-02	 2.001660e-01	 2.488493e+00	 
 8.931518e-05	 4.999324e-01	 1.999907e-01	 9.989719e-02	 2.000905e-01	 1.939583e+00	 
 1.753305e-04	 4.998672e-01	 1.999817e-01	 9.979818e-02	 2.001776e-01	 2.552434e+00	 
 1.187421e-04	 4.999101e-01	 1.999876e-01	 9.986332e-02	 2.001203e-01	 2.189210e+00	 
 3.649501e-04	 4.997236e-01	 1.999619e-01	 9.957991e-02	 2.003697e-01	 3.264413e+00	 
 5.972746e-04	 4.995476e-01	 1.999376e-01	 9.931248e-02	 2.006050e-01	 3.751254e+00	 
 8.897102e-05	 4.999326e-01	 1.999907e-01	 9.989759e-02	 2.000901e-01	 1.936343e+00	 
 3.758755e-04	 4.997153e-01	 1.999607e-01	 9.956733e-02	 2.003807e-01	 3.293447e+00	 
 2.031045e-03	 4.984617e-01	 1.997879e-01	 9.766207e-02	 2.020573e-01	 1.989514e+00	 
 9.732109e-05	 4.999263e-01	 1.999898e-01	 9.988797e-02	 2.000986e-01	 2.012769e+00	 
 1.591644e-04	 4.998794e-01	 1.999834e-01	 9.981679e-02	 2.001612e-01	 2.460742e+00	 
 1.461570e-04	 4.998893e-01	 1.999847e-01	 9.983176e-02	 2.001480e-01	 2.380656e+00	 
 1.153660e-03	 4.991262e-01	 1.998795e-01	 9.867203e-02	 2.011686e-01	 4.405806e+00	 
 6.188565e-04	 4.995313e-01	 1.999354e-01	 9.928764e-02	 2.006269e-01	 2.213727e+00	 
 8.775748e-04	 4.993353e-01	 1.999084e-01	 9.898983e-02	 2.008889e-01	 2.537523e+00	 
 1.257661e-04	 4.999047e-01	 1.999869e-01	 9.985523e-02	 2.001274e-01	 2.241566e+00	 
 1.617861e-04	 4.998775e-01	 1.999831e-01	 9.981377e-02	 2.001639e-01	 2.476170e+00	 
 9.446571e-05	 4.999285e-01	 1.999901e-01	 9.989126e-02	 2.000957e-01	 1.987144e+00	 
 2.070202e-03	 4.984320e-01	 1.995038e-01	 9.761872e-02	 2.023753e-01	 3.434964e+00	 
 1.380331e-04	 4.998955e-01	 1.999669e-01	 9.984123e-02	 2.001584e-01	 2.393219e+00	 
 9.075319e-05	 4.999313e-01	 1.999782e-01	 9.989561e-02	 2.001041e-01	 2.018651e+00	 
 1.026257e-03	 4.992227e-01	 1.997540e-01	 9.881953e-02	 2.011775e-01	 2.752259e+00	 
 9.279718e-05	 4.999297e-01	 1.999778e-01	 9.989326e-02	 2.001065e-01	 2.037592e+00	 
 4.469601e-04	 4.996615e-01	 1.998929e-01	 9.948588e-02	 2.005128e-01	 3.529378e+00	 
 2.685782e-04	 4.997966e-01	 1.999356e-01	 9.969106e-02	 2.003082e-01	 3.029325e+00	 
 5.855967e-04	 4.995565e-01	 1.998596e-01	 9.932641e-02	 2.006719e-01	 3.796671e+00	 
 7.458722e-04	 4.994351e-01	 1.998212e-01	 9.914205e-02	 2.008558e-01	 4.036740e+00	 
 1.936499e-03	 4.985333e-01	 1.995358e-01	 9.777251e-02	 2.022219e-01	 3.369324e+00	 
 9.396190e-05	 4.999288e-01	 1.999775e-01	 9.989192e-02	 2.001078e-01	 2.048259e+00	 
 3.918615e-04	 4.997032e-01	 1.999061e-01	 9.954925e-02	 2.004496e-01	 3.399629e+00	 
 4.450240e-04	 4.996629e-01	 1.998933e-01	 9.948810e-02	 2.005106e-01	 3.525092e+00	 
 9.361921e-05	 4.999291e-01	 1.999776e-01	 9.989231e-02	 2.001074e-01	 2.045130e+00	 
 1.920875e-03	 4.985451e-01	 1.995396e-01	 9.779048e-02	 2.022040e-01	 3.361366e+00	 
 9.180155e-05	 4.999305e-01	 1.999780e-01	 9.989440e-02	 2.001053e-01	 2.028401e+00	 
 1.660996e-03	 4.987419e-01	 1.996018e-01	 9.808941e-02	 2.019058e-01	 3.218856e+00	 
 2.940675e-04	 4.997773e-01	 1.999295e-01	 9.966174e-02	 2.003374e-01	 3.117823e+00	 
 1.179176e-03	 4.991069e-01	 1.997173e-01	 9.864363e-02	 2.013530e-01	 4.492436e+00	 
 2.732086e-04	 4.997931e-01	 1.999345e-01	 9.968574e-02	 2.003135e-01	 3.045988e+00	 
 1.546286e-03	 4.988288e-01	 1.996293e-01	 9.822136e-02	 2.017742e-01	 1.839771e+00	 
 2.340235e-04	 4.998227e-01	 1.999439e-01	 9.973081e-02	 2.002685e-01	 2.895503e+00	 
 1.238542e-04	 4.999062e-01	 1.999703e-01	 9.985753e-02	 2.001421e-01	 2.293437e+00	 
 1.360594e-04	 4.998969e-01	 1.999674e-01	 9.984350e-02	 2.001561e-01	 2.379872e+00	 
 4.948736e-04	 4.996252e-01	 1.998814e-01	 9.943076e-02	 2.005678e-01	 3.630010e+00	 
 9.538382e-05	 4.999278e-01	 1.999771e-01	 9.989028e-02	 2.001094e-01	 2.061159e+00	 
 1.587033e-04	 4.998798e-01	 1.999620e-01	 9.981745e-02	 2.001821e-01	 2.523759e+00	 
 2.278447e-04	 4.998274e-01	 1.999454e-01	 9.973792e-02	 2.002614e-01	 2.869600e+00	 
