alturaRetangulo	 maximoAltura	 minimoAltura	 presenteMetade	 p	 pV	 novaAltura***	 variacPercAlt	 percentAltur	 s	 e	 pp	 comparatMet	 metaAltura***	 novoComparaMetade
1.000000e-05	 1.000000e-05	 1.000000e-05	 1.000000e-05	 1	 1	 1.000000e-05	 1.000000e-05	 1.000000e-05	 1	 1	 1	 1.000000e-05	 1.000000e-05	 1.000000e-05	 
 1.553189e+00	 1.916388e+00	 5.684913e-05	 9.582223e-01	 1	 0	 1.252772e+00	 1.934197e-01	 1.706215e+00	 33	 58	 1	 7.648817e-01	 9.582223e-01	 
 1.553189e+00	 1.916388e+00	 5.684913e-05	 9.582223e-01	 1	 1	 1.721658e+00	 1.084662e-01	 1.706215e+00	 33	 58	 1	 5.565695e-01	 9.582223e-01	 
 1.553189e+00	 1.916388e+00	 5.684913e-05	 9.582223e-01	 1	 1	 1.558033e+00	 3.118423e-03	 1.706215e+00	 33	 58	 1	 6.150206e-01	 9.582223e-01	 
 1.553189e+00	 1.916388e+00	 5.684913e-05	 9.582223e-01	 1	 0	 1.319022e+00	 1.507657e-01	 1.706215e+00	 33	 58	 1	 7.264645e-01	 9.582223e-01	 
 1.553189e+00	 1.916388e+00	 5.684913e-05	 9.582223e-01	 1	 1	 1.767276e+00	 1.378367e-01	 1.706215e+00	 33	 58	 1	 5.422031e-01	 9.582223e-01	 
 1.553189e+00	 1.916388e+00	 5.684913e-05	 9.582223e-01	 1	 0	 1.456227e+00	 6.242785e-02	 1.706215e+00	 33	 58	 1	 6.580171e-01	 9.582223e-01	 
 1.553189e+00	 1.916388e+00	 5.684913e-05	 9.582223e-01	 1	 0	 1.493997e+00	 3.811003e-02	 1.706215e+00	 33	 58	 1	 6.413816e-01	 9.582223e-01	 
 1.553189e+00	 1.916388e+00	 5.684913e-05	 9.582223e-01	 1	 0	 1.300696e+00	 1.625645e-01	 1.706215e+00	 33	 58	 1	 7.366998e-01	 9.582223e-01	 
 1.553189e+00	 1.916388e+00	 5.684913e-05	 9.582223e-01	 1	 0	 1.206317e+00	 2.233292e-01	 1.706215e+00	 33	 58	 1	 7.943372e-01	 9.582223e-01	 
 1.553189e+00	 1.916388e+00	 5.684913e-05	 9.582223e-01	 1	 0	 1.219470e+00	 2.148606e-01	 1.706215e+00	 33	 58	 1	 7.857694e-01	 9.582223e-01	 
 1.553189e+00	 1.916388e+00	 5.684913e-05	 9.582223e-01	 1	 1	 1.672829e+00	 7.702836e-02	 1.706215e+00	 33	 58	 1	 5.728155e-01	 9.582223e-01	 
 1.553189e+00	 1.916388e+00	 5.684913e-05	 9.582223e-01	 1	 1	 1.900638e+00	 2.237000e-01	 1.706215e+00	 33	 58	 1	 5.041583e-01	 9.582223e-01	 
 1.553189e+00	 1.916388e+00	 5.684913e-05	 9.582223e-01	 1	 0	 1.302398e+00	 1.614684e-01	 1.706215e+00	 33	 58	 1	 7.357367e-01	 9.582223e-01	 
 1.553189e+00	 1.916388e+00	 5.684913e-05	 9.582223e-01	 1	 0	 1.538536e+00	 9.434436e-03	 1.706215e+00	 33	 58	 1	 6.228144e-01	 9.582223e-01	 
 1.553189e+00	 1.916388e+00	 5.684913e-05	 9.582223e-01	 1	 1	 1.811647e+00	 1.664046e-01	 1.706215e+00	 33	 58	 1	 5.289233e-01	 9.582223e-01	 
 1.553189e+00	 1.916388e+00	 5.684913e-05	 9.582223e-01	 1	 0	 1.515235e+00	 2.443615e-02	 1.706215e+00	 33	 58	 1	 6.323918e-01	 9.582223e-01	 
 1.553189e+00	 1.916388e+00	 5.684913e-05	 9.582223e-01	 1	 0	 9.945125e-01	 3.596965e-01	 1.706215e+00	 33	 58	 1	 9.635096e-01	 9.582223e-01	 
 1.553189e+00	 1.916388e+00	 5.684913e-05	 9.582223e-01	 1	 1	 1.903126e+00	 2.253023e-01	 1.706215e+00	 33	 58	 1	 5.034990e-01	 9.582223e-01	 
 1.553189e+00	 1.916388e+00	 5.684913e-05	 9.582223e-01	 1	 0	 1.537089e+00	 1.036571e-02	 1.706215e+00	 33	 58	 1	 6.234005e-01	 9.582223e-01	 
 1.553189e+00	 1.916388e+00	 5.684913e-05	 9.582223e-01	 1	 0	 1.383666e+00	 1.091451e-01	 1.706215e+00	 33	 58	 1	 6.925242e-01	 9.582223e-01	 
 1.553189e+00	 1.916388e+00	 5.684913e-05	 9.582223e-01	 1	 1	 1.830592e+00	 1.786017e-01	 1.706215e+00	 33	 58	 1	 5.234495e-01	 9.582223e-01	 
 1.553189e+00	 1.916388e+00	 5.684913e-05	 9.582223e-01	 1	 0	 1.383081e+00	 1.095220e-01	 1.706215e+00	 33	 58	 1	 6.928173e-01	 9.582223e-01	 
 1.553189e+00	 1.916388e+00	 5.684913e-05	 9.582223e-01	 1	 1	 1.913280e+00	 2.318393e-01	 1.706215e+00	 33	 58	 1	 5.008271e-01	 9.582223e-01	 
 1.553189e+00	 1.916388e+00	 5.684913e-05	 9.582223e-01	 1	 1	 1.722312e+00	 1.088874e-01	 1.706215e+00	 33	 58	 1	 5.563581e-01	 9.582223e-01	 
 1.553189e+00	 1.916388e+00	 5.684913e-05	 9.582223e-01	 1	 0	 9.814882e-01	 3.680820e-01	 1.706215e+00	 33	 58	 1	 9.762953e-01	 9.582223e-01	 
 1.553189e+00	 1.916388e+00	 5.684913e-05	 9.582223e-01	 1	 0	 1.207753e+00	 2.224043e-01	 1.706215e+00	 33	 58	 1	 7.933924e-01	 9.582223e-01	 
 1.553189e+00	 1.916388e+00	 5.684913e-05	 9.582223e-01	 1	 0	 1.545000e+00	 5.272727e-03	 1.706215e+00	 33	 58	 1	 6.202087e-01	 9.582223e-01	 
 1.553189e+00	 1.916388e+00	 5.684913e-05	 9.582223e-01	 1	 0	 1.279463e+00	 1.762347e-01	 1.706215e+00	 33	 58	 1	 7.489251e-01	 9.582223e-01	 
 1.553189e+00	 1.916388e+00	 5.684913e-05	 9.582223e-01	 1	 0	 1.259462e+00	 1.891123e-01	 1.706215e+00	 33	 58	 1	 7.608187e-01	 9.582223e-01	 
 1.553189e+00	 1.916388e+00	 5.684913e-05	 9.582223e-01	 1	 1	 1.897390e+00	 2.216093e-01	 1.706215e+00	 33	 58	 1	 5.050212e-01	 9.582223e-01	 
 1.553189e+00	 1.916388e+00	 5.684913e-05	 9.582223e-01	 1	 1	 1.882597e+00	 2.120847e-01	 1.706215e+00	 33	 58	 1	 5.089896e-01	 9.582223e-01	 
 1.553189e+00	 1.916388e+00	 5.684913e-05	 9.582223e-01	 1	 1	 1.732254e+00	 1.152883e-01	 1.706215e+00	 33	 58	 1	 5.531651e-01	 9.582223e-01	 
 1.553189e+00	 1.916388e+00	 5.684913e-05	 9.582223e-01	 1	 1	 1.773329e+00	 1.417337e-01	 1.706215e+00	 33	 58	 1	 5.403524e-01	 9.582223e-01	 
 1.553189e+00	 1.916388e+00	 5.684913e-05	 9.582223e-01	 1	 1	 1.885314e+00	 2.138339e-01	 1.706215e+00	 33	 58	 1	 5.082561e-01	 9.582223e-01	 
 1.553189e+00	 1.916388e+00	 5.684913e-05	 9.582223e-01	 1	 0	 1.462523e+00	 5.837429e-02	 1.706215e+00	 33	 58	 1	 6.551845e-01	 9.582223e-01	 
 1.553189e+00	 1.916388e+00	 5.684913e-05	 9.582223e-01	 1	 0	 1.287547e+00	 1.710303e-01	 1.706215e+00	 33	 58	 1	 7.442233e-01	 9.582223e-01	 
 1.553189e+00	 1.916388e+00	 5.684913e-05	 9.582223e-01	 1	 1	 1.709808e+00	 1.008367e-01	 1.706215e+00	 33	 58	 1	 5.604270e-01	 9.582223e-01	 
 1.553189e+00	 1.916388e+00	 5.684913e-05	 9.582223e-01	 1	 0	 1.312338e+00	 1.550690e-01	 1.706215e+00	 33	 58	 1	 7.301644e-01	 9.582223e-01	 
 1.553189e+00	 1.916388e+00	 5.684913e-05	 9.582223e-01	 1	 0	 9.963825e-01	 3.584925e-01	 1.706215e+00	 33	 58	 1	 9.617012e-01	 9.582223e-01	 
 1.553189e+00	 1.916388e+00	 5.684913e-05	 9.582223e-01	 1	 0	 1.520670e+00	 2.093733e-02	 1.706215e+00	 33	 58	 1	 6.301318e-01	 9.582223e-01	 
 1.553189e+00	 1.916388e+00	 5.684913e-05	 9.582223e-01	 1	 0	 1.454207e+00	 6.372851e-02	 1.706215e+00	 33	 58	 1	 6.589312e-01	 9.582223e-01	 
 1.553189e+00	 1.916388e+00	 5.684913e-05	 9.582223e-01	 1	 1	 1.828289e+00	 1.771194e-01	 1.706215e+00	 33	 58	 1	 5.241087e-01	 9.582223e-01	 
 1.553189e+00	 1.916388e+00	 5.684913e-05	 9.582223e-01	 1	 0	 1.051035e+00	 3.233054e-01	 1.706215e+00	 33	 58	 1	 9.116942e-01	 9.582223e-01	 
 1.553189e+00	 1.916388e+00	 5.684913e-05	 9.582223e-01	 1	 0	 1.088679e+00	 2.990684e-01	 1.706215e+00	 33	 58	 1	 8.801694e-01	 9.582223e-01	 
 1.553189e+00	 1.916388e+00	 5.684913e-05	 9.582223e-01	 1	 0	 1.260097e+00	 1.887033e-01	 1.706215e+00	 33	 58	 1	 7.604351e-01	 9.582223e-01	 
 1.553189e+00	 1.916388e+00	 5.684913e-05	 9.582223e-01	 1	 0	 1.083168e+00	 3.026166e-01	 1.706215e+00	 33	 58	 1	 8.846476e-01	 9.582223e-01	 
 1.553189e+00	 1.916388e+00	 5.684913e-05	 9.582223e-01	 1	 0	 1.405480e+00	 9.510044e-02	 1.706215e+00	 33	 58	 1	 6.817757e-01	 9.582223e-01	 
 1.553189e+00	 1.916388e+00	 5.684913e-05	 9.582223e-01	 1	 0	 1.053417e+00	 3.217718e-01	 1.706215e+00	 33	 58	 1	 9.096327e-01	 9.582223e-01	 
 1.553189e+00	 1.916388e+00	 5.684913e-05	 9.582223e-01	 1	 0	 1.450211e+00	 6.630123e-02	 1.706215e+00	 33	 58	 1	 6.607469e-01	 9.582223e-01	 
 1.553189e+00	 1.916388e+00	 5.684913e-05	 9.582223e-01	 1	 0	 1.282442e+00	 1.743172e-01	 1.706215e+00	 33	 58	 1	 7.471859e-01	 9.582223e-01	 
 1.553189e+00	 1.916388e+00	 5.684913e-05	 9.582223e-01	 1	 0	 1.439090e+00	 7.346157e-02	 1.706215e+00	 33	 58	 1	 6.658532e-01	 9.582223e-01	 
 1.553189e+00	 1.916388e+00	 5.684913e-05	 9.582223e-01	 1	 0	 1.406490e+00	 9.445019e-02	 1.706215e+00	 33	 58	 1	 6.812861e-01	 9.582223e-01	 
 1.553189e+00	 1.916388e+00	 5.684913e-05	 9.582223e-01	 1	 1	 1.621858e+00	 4.421163e-02	 1.706215e+00	 33	 58	 1	 5.908175e-01	 9.582223e-01	 
 1.553189e+00	 1.916388e+00	 5.684913e-05	 9.582223e-01	 1	 0	 1.424200e+00	 8.304775e-02	 1.706215e+00	 33	 58	 1	 6.728142e-01	 9.582223e-01	 
 1.553189e+00	 1.916388e+00	 5.684913e-05	 9.582223e-01	 1	 1	 1.797167e+00	 1.570819e-01	 1.706215e+00	 33	 58	 1	 5.331849e-01	 9.582223e-01	 
 1.553189e+00	 1.916388e+00	 5.684913e-05	 9.582223e-01	 1	 0	 1.419155e+00	 8.629594e-02	 1.706215e+00	 33	 58	 1	 6.752061e-01	 9.582223e-01	 
 1.553189e+00	 1.916388e+00	 5.684913e-05	 9.582223e-01	 1	 1	 1.803924e+00	 1.614323e-01	 1.706215e+00	 33	 58	 1	 5.311877e-01	 9.582223e-01	 
 1.553189e+00	 1.916388e+00	 5.684913e-05	 9.582223e-01	 1	 1	 1.816999e+00	 1.698506e-01	 1.706215e+00	 33	 58	 1	 5.273652e-01	 9.582223e-01	 
 1.553189e+00	 1.916388e+00	 5.684913e-05	 9.582223e-01	 1	 0	 1.136507e+00	 2.682752e-01	 1.706215e+00	 33	 58	 1	 8.431292e-01	 9.582223e-01	 
 1.553189e+00	 1.916388e+00	 5.684913e-05	 9.582223e-01	 1	 0	 1.505488e+00	 3.071186e-02	 1.706215e+00	 33	 58	 1	 6.364862e-01	 9.582223e-01	 
 1.553189e+00	 1.916388e+00	 5.684913e-05	 9.582223e-01	 1	 1	 1.869558e+00	 2.036900e-01	 1.706215e+00	 33	 58	 1	 5.125394e-01	 9.582223e-01	 
 1.553189e+00	 1.916388e+00	 5.684913e-05	 9.582223e-01	 1	 0	 1.473378e+00	 5.138560e-02	 1.706215e+00	 33	 58	 1	 6.503576e-01	 9.582223e-01	 
 1.553189e+00	 1.916388e+00	 5.684913e-05	 9.582223e-01	 1	 0	 1.265537e+00	 1.852009e-01	 1.706215e+00	 33	 58	 1	 7.571664e-01	 9.582223e-01	 
 1.553189e+00	 1.916388e+00	 5.684913e-05	 9.582223e-01	 1	 0	 1.535368e+00	 1.147422e-02	 1.706215e+00	 33	 58	 1	 6.240996e-01	 9.582223e-01	 
 1.553189e+00	 1.916388e+00	 5.684913e-05	 9.582223e-01	 1	 1	 1.716846e+00	 1.053679e-01	 1.706215e+00	 33	 58	 1	 5.581296e-01	 9.582223e-01	 
 1.553189e+00	 1.916388e+00	 5.684913e-05	 9.582223e-01	 1	 1	 1.686108e+00	 8.557772e-02	 1.706215e+00	 33	 58	 1	 5.683043e-01	 9.582223e-01	 
 1.553189e+00	 1.916388e+00	 5.684913e-05	 9.582223e-01	 1	 0	 1.459425e+00	 6.036871e-02	 1.706215e+00	 33	 58	 1	 6.565751e-01	 9.582223e-01	 
 1.553189e+00	 1.916388e+00	 5.684913e-05	 9.582223e-01	 1	 0	 1.436919e+00	 7.485884e-02	 1.706215e+00	 33	 58	 1	 6.668588e-01	 9.582223e-01	 
 1.553189e+00	 1.916388e+00	 5.684913e-05	 9.582223e-01	 1	 0	 1.278496e+00	 1.768574e-01	 1.706215e+00	 33	 58	 1	 7.494917e-01	 9.582223e-01	 
 1.553189e+00	 1.916388e+00	 5.684913e-05	 9.582223e-01	 1	 1	 1.637072e+00	 5.400682e-02	 1.706215e+00	 33	 58	 1	 5.853269e-01	 9.582223e-01	 
 1.553189e+00	 1.916388e+00	 5.684913e-05	 9.582223e-01	 1	 1	 1.689761e+00	 8.792968e-02	 1.706215e+00	 33	 58	 1	 5.670757e-01	 9.582223e-01	 
 1.553189e+00	 1.916388e+00	 5.684913e-05	 9.582223e-01	 1	 0	 1.372640e+00	 1.162443e-01	 1.706215e+00	 33	 58	 1	 6.980872e-01	 9.582223e-01	 
 1.553189e+00	 1.916388e+00	 5.684913e-05	 9.582223e-01	 1	 0	 1.462009e+00	 5.870505e-02	 1.706215e+00	 33	 58	 1	 6.554147e-01	 9.582223e-01	 
 1.553189e+00	 1.916388e+00	 5.684913e-05	 9.582223e-01	 1	 1	 1.859553e+00	 1.972479e-01	 1.706215e+00	 33	 58	 1	 5.152972e-01	 9.582223e-01	 
 1.553189e+00	 1.916388e+00	 5.684913e-05	 9.582223e-01	 1	 0	 1.005481e+00	 3.526347e-01	 1.706215e+00	 33	 58	 1	 9.529991e-01	 9.582223e-01	 
 1.553189e+00	 1.916388e+00	 5.684913e-05	 9.582223e-01	 1	 0	 1.364716e+00	 1.213463e-01	 1.706215e+00	 33	 58	 1	 7.021407e-01	 9.582223e-01	 
 1.553189e+00	 1.916388e+00	 5.684913e-05	 9.582223e-01	 1	 1	 1.674612e+00	 7.817645e-02	 1.706215e+00	 33	 58	 1	 5.722055e-01	 9.582223e-01	 
 1.553189e+00	 1.916388e+00	 5.684913e-05	 9.582223e-01	 1	 0	 1.186197e+00	 2.362831e-01	 1.706215e+00	 33	 58	 1	 8.078105e-01	 9.582223e-01	 
 1.553189e+00	 1.916388e+00	 5.684913e-05	 9.582223e-01	 1	 0	 1.034686e+00	 3.338313e-01	 1.706215e+00	 33	 58	 1	 9.260996e-01	 9.582223e-01	 
 1.553189e+00	 1.916388e+00	 5.684913e-05	 9.582223e-01	 1	 0	 1.197091e+00	 2.292692e-01	 1.706215e+00	 33	 58	 1	 8.004592e-01	 9.582223e-01	 
 1.553189e+00	 1.916388e+00	 5.684913e-05	 9.582223e-01	 1	 0	 9.989022e-01	 3.568703e-01	 1.706215e+00	 33	 58	 1	 9.592754e-01	 9.582223e-01	 
 1.553189e+00	 1.916388e+00	 5.684913e-05	 9.582223e-01	 1	 1	 1.675888e+00	 7.899799e-02	 1.706215e+00	 33	 58	 1	 5.717699e-01	 9.582223e-01	 
 1.553189e+00	 1.916388e+00	 5.684913e-05	 9.582223e-01	 1	 1	 1.718344e+00	 1.063325e-01	 1.706215e+00	 33	 58	 1	 5.576429e-01	 9.582223e-01	 
 1.553189e+00	 1.916388e+00	 5.684913e-05	 9.582223e-01	 1	 0	 1.371976e+00	 1.166718e-01	 1.706215e+00	 33	 58	 1	 6.984251e-01	 9.582223e-01	 
 1.553189e+00	 1.916388e+00	 5.684913e-05	 9.582223e-01	 1	 1	 1.797964e+00	 1.575949e-01	 1.706215e+00	 33	 58	 1	 5.329486e-01	 9.582223e-01	 
 1.553189e+00	 1.916388e+00	 5.684913e-05	 9.582223e-01	 1	 0	 1.257939e+00	 1.900926e-01	 1.706215e+00	 33	 58	 1	 7.617396e-01	 9.582223e-01	 
 1.553189e+00	 1.916388e+00	 5.684913e-05	 9.582223e-01	 1	 0	 1.251986e+00	 1.939254e-01	 1.706215e+00	 33	 58	 1	 7.653615e-01	 9.582223e-01	 
 1.553189e+00	 1.916388e+00	 5.684913e-05	 9.582223e-01	 1	 0	 1.158243e+00	 2.542810e-01	 1.706215e+00	 33	 58	 1	 8.273070e-01	 9.582223e-01	 
 1.553189e+00	 1.916388e+00	 5.684913e-05	 9.582223e-01	 1	 1	 1.902519e+00	 2.249114e-01	 1.706215e+00	 33	 58	 1	 5.036597e-01	 9.582223e-01	 
 1.553189e+00	 1.916388e+00	 5.684913e-05	 9.582223e-01	 1	 1	 1.738955e+00	 1.196028e-01	 1.706215e+00	 33	 58	 1	 5.510334e-01	 9.582223e-01	 
 1.553189e+00	 1.916388e+00	 5.684913e-05	 9.582223e-01	 1	 1	 1.790026e+00	 1.524840e-01	 1.706215e+00	 33	 58	 1	 5.353120e-01	 9.582223e-01	 
 1.553189e+00	 1.916388e+00	 5.684913e-05	 9.582223e-01	 1	 1	 1.613712e+00	 3.896682e-02	 1.706215e+00	 33	 58	 1	 5.938000e-01	 9.582223e-01	 
 1.553189e+00	 1.916388e+00	 5.684913e-05	 9.582223e-01	 1	 1	 1.701158e+00	 9.526764e-02	 1.706215e+00	 33	 58	 1	 5.632765e-01	 9.582223e-01	 
 1.553189e+00	 1.916388e+00	 5.684913e-05	 9.582223e-01	 1	 0	 1.448640e+00	 6.731238e-02	 1.706215e+00	 33	 58	 1	 6.614632e-01	 9.582223e-01	 
 1.553189e+00	 1.916388e+00	 5.684913e-05	 9.582223e-01	 1	 0	 1.170906e+00	 2.461281e-01	 1.706215e+00	 33	 58	 1	 8.183599e-01	 9.582223e-01	 
 1.553189e+00	 1.916388e+00	 5.684913e-05	 9.582223e-01	 1	 1	 1.689397e+00	 8.769542e-02	 1.706215e+00	 33	 58	 1	 5.671979e-01	 9.582223e-01	 
 1.553189e+00	 1.916388e+00	 5.684913e-05	 9.582223e-01	 1	 0	 1.507436e+00	 2.945765e-02	 1.706215e+00	 33	 58	 1	 6.356637e-01	 9.582223e-01	 
 1.553189e+00	 1.916388e+00	 5.684913e-05	 9.582223e-01	 1	 1	 1.758515e+00	 1.321961e-01	 1.706215e+00	 33	 58	 1	 5.449043e-01	 9.582223e-01	 
 1.553189e+00	 1.916388e+00	 5.684913e-05	 9.582223e-01	 1	 1	 1.676642e+00	 7.948370e-02	 1.706215e+00	 33	 58	 1	 5.715126e-01	 9.582223e-01	 
 1.000000e-12	 1.000000e-12	 1.000000e-12	 1.000000e-12	 0	 0	 1.000000e-12	 1.000000e-12	 1.000000e-12	 0	 0	 0	 1.000000e-12	 1.000000e-12	 1.000000e-12	 
 1.000000e-05	 1.000000e-05	 1.000000e-05	 1.000000e-05	 1	 1	 1.000000e-05	 1.000000e-05	 1.000000e-05	 1	 1	 1	 1.000000e-05	 1.000000e-05	 1.000000e-05	 
 1.571349e+00	 1.916388e+00	 5.684913e-05	 9.582223e-01	 1	 0	 1.440810e+00	 8.307461e-02	 1.706215e+00	 33	 58	 1	 6.650581e-01	 9.582223e-01	 
 1.571349e+00	 1.916388e+00	 5.684913e-05	 9.582223e-01	 1	 0	 1.129938e+00	 2.809123e-01	 1.706215e+00	 33	 58	 1	 8.480310e-01	 9.582223e-01	 
 1.571349e+00	 1.916388e+00	 5.684913e-05	 9.582223e-01	 1	 1	 1.762747e+00	 1.218046e-01	 1.706215e+00	 33	 58	 1	 5.435961e-01	 9.582223e-01	 
 1.571349e+00	 1.916388e+00	 5.684913e-05	 9.582223e-01	 1	 1	 1.745223e+00	 1.106528e-01	 1.706215e+00	 33	 58	 1	 5.490543e-01	 9.582223e-01	 
 1.571349e+00	 1.916388e+00	 5.684913e-05	 9.582223e-01	 1	 1	 1.863122e+00	 1.856827e-01	 1.706215e+00	 33	 58	 1	 5.143101e-01	 9.582223e-01	 
 1.571349e+00	 1.916388e+00	 5.684913e-05	 9.582223e-01	 1	 0	 1.031270e+00	 3.437042e-01	 1.706215e+00	 33	 58	 1	 9.291673e-01	 9.582223e-01	 
 1.571349e+00	 1.916388e+00	 5.684913e-05	 9.582223e-01	 1	 0	 1.160798e+00	 2.612731e-01	 1.706215e+00	 33	 58	 1	 8.254859e-01	 9.582223e-01	 
 1.571349e+00	 1.916388e+00	 5.684913e-05	 9.582223e-01	 1	 0	 1.324468e+00	 1.571139e-01	 1.706215e+00	 33	 58	 1	 7.234769e-01	 9.582223e-01	 
 1.571349e+00	 1.916388e+00	 5.684913e-05	 9.582223e-01	 1	 1	 1.675502e+00	 6.628215e-02	 1.706215e+00	 33	 58	 1	 5.719018e-01	 9.582223e-01	 
 1.571349e+00	 1.916388e+00	 5.684913e-05	 9.582223e-01	 1	 0	 1.382527e+00	 1.201655e-01	 1.706215e+00	 33	 58	 1	 6.930947e-01	 9.582223e-01	 
 1.571349e+00	 1.916388e+00	 5.684913e-05	 9.582223e-01	 1	 1	 1.682485e+00	 7.072649e-02	 1.706215e+00	 33	 58	 1	 5.695279e-01	 9.582223e-01	 
 1.571349e+00	 1.916388e+00	 5.684913e-05	 9.582223e-01	 1	 0	 1.248247e+00	 2.056211e-01	 1.706215e+00	 33	 58	 1	 7.676547e-01	 9.582223e-01	 
 1.571349e+00	 1.916388e+00	 5.684913e-05	 9.582223e-01	 1	 0	 1.037074e+00	 3.400104e-01	 1.706215e+00	 33	 58	 1	 9.239671e-01	 9.582223e-01	 
 1.571349e+00	 1.916388e+00	 5.684913e-05	 9.582223e-01	 1	 0	 9.954625e-01	 3.664919e-01	 1.706215e+00	 33	 58	 1	 9.625901e-01	 9.582223e-01	 
 1.571349e+00	 1.916388e+00	 5.684913e-05	 9.582223e-01	 1	 1	 1.624533e+00	 3.384595e-02	 1.706215e+00	 33	 58	 1	 5.898448e-01	 9.582223e-01	 
 1.571349e+00	 1.916388e+00	 5.684913e-05	 9.582223e-01	 1	 1	 1.646639e+00	 4.791400e-02	 1.706215e+00	 33	 58	 1	 5.819262e-01	 9.582223e-01	 
 1.571349e+00	 1.916388e+00	 5.684913e-05	 9.582223e-01	 1	 1	 1.852766e+00	 1.790926e-01	 1.706215e+00	 33	 58	 1	 5.171847e-01	 9.582223e-01	 
 1.571349e+00	 1.916388e+00	 5.684913e-05	 9.582223e-01	 1	 1	 1.798211e+00	 1.443738e-01	 1.706215e+00	 33	 58	 1	 5.328754e-01	 9.582223e-01	 
 1.571349e+00	 1.916388e+00	 5.684913e-05	 9.582223e-01	 1	 0	 1.044691e+00	 3.351632e-01	 1.706215e+00	 33	 58	 1	 9.172306e-01	 9.582223e-01	 
 1.571349e+00	 1.916388e+00	 5.684913e-05	 9.582223e-01	 1	 0	 1.130206e+00	 2.807415e-01	 1.706215e+00	 33	 58	 1	 8.478296e-01	 9.582223e-01	 
 1.571349e+00	 1.916388e+00	 5.684913e-05	 9.582223e-01	 1	 1	 1.718043e+00	 9.335524e-02	 1.706215e+00	 33	 58	 1	 5.577406e-01	 9.582223e-01	 
 1.571349e+00	 1.916388e+00	 5.684913e-05	 9.582223e-01	 1	 1	 1.893484e+00	 2.050051e-01	 1.706215e+00	 33	 58	 1	 5.060631e-01	 9.582223e-01	 
 1.571349e+00	 1.916388e+00	 5.684913e-05	 9.582223e-01	 1	 1	 1.731570e+00	 1.019641e-01	 1.706215e+00	 33	 58	 1	 5.533834e-01	 9.582223e-01	 
 1.571349e+00	 1.916388e+00	 5.684913e-05	 9.582223e-01	 1	 0	 1.520391e+00	 3.242986e-02	 1.706215e+00	 33	 58	 1	 6.302475e-01	 9.582223e-01	 
 1.571349e+00	 1.916388e+00	 5.684913e-05	 9.582223e-01	 1	 0	 1.019938e+00	 3.509161e-01	 1.706215e+00	 33	 58	 1	 9.394912e-01	 9.582223e-01	 
 1.571349e+00	 1.916388e+00	 5.684913e-05	 9.582223e-01	 1	 0	 1.448172e+00	 7.838922e-02	 1.706215e+00	 33	 58	 1	 6.616770e-01	 9.582223e-01	 
 1.571349e+00	 1.916388e+00	 5.684913e-05	 9.582223e-01	 1	 1	 1.883722e+00	 1.987926e-01	 1.706215e+00	 33	 58	 1	 5.086857e-01	 9.582223e-01	 
 1.571349e+00	 1.916388e+00	 5.684913e-05	 9.582223e-01	 1	 0	 1.517326e+00	 3.438001e-02	 1.706215e+00	 33	 58	 1	 6.315203e-01	 9.582223e-01	 
 1.571349e+00	 1.916388e+00	 5.684913e-05	 9.582223e-01	 1	 0	 1.083302e+00	 3.105911e-01	 1.706215e+00	 33	 58	 1	 8.845383e-01	 9.582223e-01	 
 1.571349e+00	 1.916388e+00	 5.684913e-05	 9.582223e-01	 1	 0	 1.438288e+00	 8.467945e-02	 1.706215e+00	 33	 58	 1	 6.662241e-01	 9.582223e-01	 
 1.571349e+00	 1.916388e+00	 5.684913e-05	 9.582223e-01	 1	 0	 1.356781e+00	 1.365504e-01	 1.706215e+00	 33	 58	 1	 7.062470e-01	 9.582223e-01	 
 1.571349e+00	 1.916388e+00	 5.684913e-05	 9.582223e-01	 1	 0	 9.715926e-01	 3.816826e-01	 1.706215e+00	 33	 58	 1	 9.862388e-01	 9.582223e-01	 
 1.571349e+00	 1.916388e+00	 5.684913e-05	 9.582223e-01	 1	 0	 9.888407e-01	 3.707059e-01	 1.706215e+00	 33	 58	 1	 9.690361e-01	 9.582223e-01	 
 1.571349e+00	 1.916388e+00	 5.684913e-05	 9.582223e-01	 1	 1	 1.606165e+00	 2.215669e-02	 1.706215e+00	 33	 58	 1	 5.965902e-01	 9.582223e-01	 
 1.571349e+00	 1.916388e+00	 5.684913e-05	 9.582223e-01	 1	 0	 1.165869e+00	 2.580461e-01	 1.706215e+00	 33	 58	 1	 8.218956e-01	 9.582223e-01	 
 1.571349e+00	 1.916388e+00	 5.684913e-05	 9.582223e-01	 1	 0	 1.499500e+00	 4.572480e-02	 1.706215e+00	 33	 58	 1	 6.390281e-01	 9.582223e-01	 
 1.571349e+00	 1.916388e+00	 5.684913e-05	 9.582223e-01	 1	 1	 1.575757e+00	 2.804997e-03	 1.706215e+00	 33	 58	 1	 6.081029e-01	 9.582223e-01	 
 1.571349e+00	 1.916388e+00	 5.684913e-05	 9.582223e-01	 1	 1	 1.844342e+00	 1.737316e-01	 1.706215e+00	 33	 58	 1	 5.195469e-01	 9.582223e-01	 
 1.571349e+00	 1.916388e+00	 5.684913e-05	 9.582223e-01	 1	 1	 1.739324e+00	 1.068988e-01	 1.706215e+00	 33	 58	 1	 5.509164e-01	 9.582223e-01	 
 1.571349e+00	 1.916388e+00	 5.684913e-05	 9.582223e-01	 1	 0	 1.056918e+00	 3.273818e-01	 1.706215e+00	 33	 58	 1	 9.066193e-01	 9.582223e-01	 
 1.571349e+00	 1.916388e+00	 5.684913e-05	 9.582223e-01	 1	 0	 1.545634e+00	 1.636483e-02	 1.706215e+00	 33	 58	 1	 6.199541e-01	 9.582223e-01	 
 1.571349e+00	 1.916388e+00	 5.684913e-05	 9.582223e-01	 1	 1	 1.723602e+00	 9.689297e-02	 1.706215e+00	 33	 58	 1	 5.559418e-01	 9.582223e-01	 
 1.571349e+00	 1.916388e+00	 5.684913e-05	 9.582223e-01	 1	 0	 9.668056e-01	 3.847290e-01	 1.706215e+00	 33	 58	 1	 9.911220e-01	 9.582223e-01	 
 1.571349e+00	 1.916388e+00	 5.684913e-05	 9.582223e-01	 1	 1	 1.786433e+00	 1.368786e-01	 1.706215e+00	 33	 58	 1	 5.363885e-01	 9.582223e-01	 
 1.571349e+00	 1.916388e+00	 5.684913e-05	 9.582223e-01	 1	 0	 1.430322e+00	 8.974929e-02	 1.706215e+00	 33	 58	 1	 6.699348e-01	 9.582223e-01	 
 1.571349e+00	 1.916388e+00	 5.684913e-05	 9.582223e-01	 1	 0	 1.463592e+00	 6.857638e-02	 1.706215e+00	 33	 58	 1	 6.547060e-01	 9.582223e-01	 
 1.571349e+00	 1.916388e+00	 5.684913e-05	 9.582223e-01	 1	 1	 1.654584e+00	 5.297040e-02	 1.706215e+00	 33	 58	 1	 5.791318e-01	 9.582223e-01	 
 1.571349e+00	 1.916388e+00	 5.684913e-05	 9.582223e-01	 1	 1	 1.700815e+00	 8.239134e-02	 1.706215e+00	 33	 58	 1	 5.633902e-01	 9.582223e-01	 
 1.571349e+00	 1.916388e+00	 5.684913e-05	 9.582223e-01	 1	 1	 1.760642e+00	 1.204650e-01	 1.706215e+00	 33	 58	 1	 5.442460e-01	 9.582223e-01	 
 1.571349e+00	 1.916388e+00	 5.684913e-05	 9.582223e-01	 1	 0	 1.533787e+00	 2.390439e-02	 1.706215e+00	 33	 58	 1	 6.247427e-01	 9.582223e-01	 
 1.571349e+00	 1.916388e+00	 5.684913e-05	 9.582223e-01	 1	 0	 1.019208e+00	 3.513805e-01	 1.706215e+00	 33	 58	 1	 9.401640e-01	 9.582223e-01	 
 1.571349e+00	 1.916388e+00	 5.684913e-05	 9.582223e-01	 1	 0	 1.090722e+00	 3.058691e-01	 1.706215e+00	 33	 58	 1	 8.785211e-01	 9.582223e-01	 
 1.571349e+00	 1.916388e+00	 5.684913e-05	 9.582223e-01	 1	 0	 1.023217e+00	 3.488288e-01	 1.706215e+00	 33	 58	 1	 9.364797e-01	 9.582223e-01	 
 1.571349e+00	 1.916388e+00	 5.684913e-05	 9.582223e-01	 1	 0	 1.520838e+00	 3.214498e-02	 1.706215e+00	 33	 58	 1	 6.300620e-01	 9.582223e-01	 
 1.571349e+00	 1.916388e+00	 5.684913e-05	 9.582223e-01	 1	 0	 1.488269e+00	 5.287178e-02	 1.706215e+00	 33	 58	 1	 6.438501e-01	 9.582223e-01	 
 1.571349e+00	 1.916388e+00	 5.684913e-05	 9.582223e-01	 1	 0	 1.548905e+00	 1.428336e-02	 1.706215e+00	 33	 58	 1	 6.186450e-01	 9.582223e-01	 
 1.571349e+00	 1.916388e+00	 5.684913e-05	 9.582223e-01	 1	 0	 1.278361e+00	 1.864561e-01	 1.706215e+00	 33	 58	 1	 7.495707e-01	 9.582223e-01	 
 1.571349e+00	 1.916388e+00	 5.684913e-05	 9.582223e-01	 1	 1	 1.737904e+00	 1.059950e-01	 1.706215e+00	 33	 58	 1	 5.513666e-01	 9.582223e-01	 
 1.571349e+00	 1.916388e+00	 5.684913e-05	 9.582223e-01	 1	 0	 1.172804e+00	 2.536327e-01	 1.706215e+00	 33	 58	 1	 8.170355e-01	 9.582223e-01	 
 1.571349e+00	 1.916388e+00	 5.684913e-05	 9.582223e-01	 1	 1	 1.708793e+00	 8.746878e-02	 1.706215e+00	 33	 58	 1	 5.607597e-01	 9.582223e-01	 
 1.571349e+00	 1.916388e+00	 5.684913e-05	 9.582223e-01	 1	 1	 1.606377e+00	 2.229142e-02	 1.706215e+00	 33	 58	 1	 5.965116e-01	 9.582223e-01	 
 1.571349e+00	 1.916388e+00	 5.684913e-05	 9.582223e-01	 1	 1	 1.807783e+00	 1.504652e-01	 1.706215e+00	 33	 58	 1	 5.300540e-01	 9.582223e-01	 
 1.571349e+00	 1.916388e+00	 5.684913e-05	 9.582223e-01	 1	 0	 1.469703e+00	 6.468730e-02	 1.706215e+00	 33	 58	 1	 6.519837e-01	 9.582223e-01	 
 1.571349e+00	 1.916388e+00	 5.684913e-05	 9.582223e-01	 1	 0	 1.399982e+00	 1.090571e-01	 1.706215e+00	 33	 58	 1	 6.844531e-01	 9.582223e-01	 
 1.571349e+00	 1.916388e+00	 5.684913e-05	 9.582223e-01	 1	 0	 1.110121e+00	 2.935238e-01	 1.706215e+00	 33	 58	 1	 8.631694e-01	 9.582223e-01	 
 1.571349e+00	 1.916388e+00	 5.684913e-05	 9.582223e-01	 1	 0	 1.417024e+00	 9.821219e-02	 1.706215e+00	 33	 58	 1	 6.762219e-01	 9.582223e-01	 
 1.571349e+00	 1.916388e+00	 5.684913e-05	 9.582223e-01	 1	 0	 1.234478e+00	 2.143833e-01	 1.706215e+00	 33	 58	 1	 7.762165e-01	 9.582223e-01	 
 1.571349e+00	 1.916388e+00	 5.684913e-05	 9.582223e-01	 1	 0	 1.327851e+00	 1.549610e-01	 1.706215e+00	 33	 58	 1	 7.216337e-01	 9.582223e-01	 
 1.571349e+00	 1.916388e+00	 5.684913e-05	 9.582223e-01	 1	 0	 1.220640e+00	 2.231901e-01	 1.706215e+00	 33	 58	 1	 7.850166e-01	 9.582223e-01	 
 1.571349e+00	 1.916388e+00	 5.684913e-05	 9.582223e-01	 1	 0	 1.317276e+00	 1.616912e-01	 1.706215e+00	 33	 58	 1	 7.274272e-01	 9.582223e-01	 
 1.571349e+00	 1.916388e+00	 5.684913e-05	 9.582223e-01	 1	 0	 1.538436e+00	 2.094596e-02	 1.706215e+00	 33	 58	 1	 6.228549e-01	 9.582223e-01	 
 1.571349e+00	 1.916388e+00	 5.684913e-05	 9.582223e-01	 1	 1	 1.603544e+00	 2.048880e-02	 1.706215e+00	 33	 58	 1	 5.975652e-01	 9.582223e-01	 
 1.571349e+00	 1.916388e+00	 5.684913e-05	 9.582223e-01	 1	 0	 1.085429e+00	 3.092376e-01	 1.706215e+00	 33	 58	 1	 8.828052e-01	 9.582223e-01	 
 1.571349e+00	 1.916388e+00	 5.684913e-05	 9.582223e-01	 1	 0	 1.491515e+00	 5.080631e-02	 1.706215e+00	 33	 58	 1	 6.424491e-01	 9.582223e-01	 
 1.571349e+00	 1.916388e+00	 5.684913e-05	 9.582223e-01	 1	 0	 1.126188e+00	 2.832984e-01	 1.706215e+00	 33	 58	 1	 8.508543e-01	 9.582223e-01	 
 1.571349e+00	 1.916388e+00	 5.684913e-05	 9.582223e-01	 1	 0	 1.174073e+00	 2.528250e-01	 1.706215e+00	 33	 58	 1	 8.161523e-01	 9.582223e-01	 
 1.571349e+00	 1.916388e+00	 5.684913e-05	 9.582223e-01	 1	 1	 1.612814e+00	 2.638820e-02	 1.706215e+00	 33	 58	 1	 5.941306e-01	 9.582223e-01	 
 1.571349e+00	 1.916388e+00	 5.684913e-05	 9.582223e-01	 1	 1	 1.627961e+00	 3.602755e-02	 1.706215e+00	 33	 58	 1	 5.886027e-01	 9.582223e-01	 
 1.571349e+00	 1.916388e+00	 5.684913e-05	 9.582223e-01	 1	 1	 1.629659e+00	 3.710842e-02	 1.706215e+00	 33	 58	 1	 5.879893e-01	 9.582223e-01	 
 1.571349e+00	 1.916388e+00	 5.684913e-05	 9.582223e-01	 1	 0	 1.535050e+00	 2.310042e-02	 1.706215e+00	 33	 58	 1	 6.242286e-01	 9.582223e-01	 
 1.571349e+00	 1.916388e+00	 5.684913e-05	 9.582223e-01	 1	 0	 1.129004e+00	 2.815069e-01	 1.706215e+00	 33	 58	 1	 8.487328e-01	 9.582223e-01	 
 1.571349e+00	 1.916388e+00	 5.684913e-05	 9.582223e-01	 1	 0	 1.199112e+00	 2.368904e-01	 1.706215e+00	 33	 58	 1	 7.991102e-01	 9.582223e-01	 
 1.571349e+00	 1.916388e+00	 5.684913e-05	 9.582223e-01	 1	 1	 1.685922e+00	 7.291361e-02	 1.706215e+00	 33	 58	 1	 5.683670e-01	 9.582223e-01	 
 1.571349e+00	 1.916388e+00	 5.684913e-05	 9.582223e-01	 1	 1	 1.843177e+00	 1.729902e-01	 1.706215e+00	 33	 58	 1	 5.198753e-01	 9.582223e-01	 
 1.571349e+00	 1.916388e+00	 5.684913e-05	 9.582223e-01	 1	 0	 1.100946e+00	 2.993626e-01	 1.706215e+00	 33	 58	 1	 8.703626e-01	 9.582223e-01	 
 1.571349e+00	 1.916388e+00	 5.684913e-05	 9.582223e-01	 1	 1	 1.663315e+00	 5.852673e-02	 1.706215e+00	 33	 58	 1	 5.760919e-01	 9.582223e-01	 
 1.571349e+00	 1.916388e+00	 5.684913e-05	 9.582223e-01	 1	 0	 1.444144e+00	 8.095260e-02	 1.706215e+00	 33	 58	 1	 6.635225e-01	 9.582223e-01	 
 1.571349e+00	 1.916388e+00	 5.684913e-05	 9.582223e-01	 1	 0	 1.532726e+00	 2.457964e-02	 1.706215e+00	 33	 58	 1	 6.251752e-01	 9.582223e-01	 
 1.571349e+00	 1.916388e+00	 5.684913e-05	 9.582223e-01	 1	 1	 1.719745e+00	 9.443842e-02	 1.706215e+00	 33	 58	 1	 5.571886e-01	 9.582223e-01	 
 1.571349e+00	 1.916388e+00	 5.684913e-05	 9.582223e-01	 1	 0	 9.735012e-01	 3.804679e-01	 1.706215e+00	 33	 58	 1	 9.843052e-01	 9.582223e-01	 
 1.571349e+00	 1.916388e+00	 5.684913e-05	 9.582223e-01	 1	 0	 1.156356e+00	 2.641001e-01	 1.706215e+00	 33	 58	 1	 8.286570e-01	 9.582223e-01	 
 1.571349e+00	 1.916388e+00	 5.684913e-05	 9.582223e-01	 1	 0	 1.155469e+00	 2.646643e-01	 1.706215e+00	 33	 58	 1	 8.292929e-01	 9.582223e-01	 
 1.571349e+00	 1.916388e+00	 5.684913e-05	 9.582223e-01	 1	 1	 1.728780e+00	 1.001884e-01	 1.706215e+00	 33	 58	 1	 5.542766e-01	 9.582223e-01	 
 1.571349e+00	 1.916388e+00	 5.684913e-05	 9.582223e-01	 1	 1	 1.716630e+00	 9.245582e-02	 1.706215e+00	 33	 58	 1	 5.581998e-01	 9.582223e-01	 
 1.571349e+00	 1.916388e+00	 5.684913e-05	 9.582223e-01	 1	 0	 1.286654e+00	 1.811787e-01	 1.706215e+00	 33	 58	 1	 7.447395e-01	 9.582223e-01	 
 1.571349e+00	 1.916388e+00	 5.684913e-05	 9.582223e-01	 1	 0	 1.416003e+00	 9.886159e-02	 1.706215e+00	 33	 58	 1	 6.767092e-01	 9.582223e-01	 
 1.571349e+00	 1.916388e+00	 5.684913e-05	 9.582223e-01	 1	 0	 1.530742e+00	 2.584243e-02	 1.706215e+00	 33	 58	 1	 6.259856e-01	 9.582223e-01	 
 1.571349e+00	 1.916388e+00	 5.684913e-05	 9.582223e-01	 1	 0	 1.553141e+00	 1.158766e-02	 1.706215e+00	 33	 58	 1	 6.169577e-01	 9.582223e-01	 
 1.571349e+00	 1.916388e+00	 5.684913e-05	 9.582223e-01	 1	 0	 1.361181e+00	 1.337500e-01	 1.706215e+00	 33	 58	 1	 7.039638e-01	 9.582223e-01	 
 1.000000e-12	 1.000000e-12	 1.000000e-12	 1.000000e-12	 0	 0	 1.000000e-12	 1.000000e-12	 1.000000e-12	 0	 0	 0	 1.000000e-12	 1.000000e-12	 1.000000e-12	 
 1.000000e-05	 1.000000e-05	 1.000000e-05	 1.000000e-05	 1	 1	 1.000000e-05	 1.000000e-05	 1.000000e-05	 1	 1	 1	 1.000000e-05	 1.000000e-05	 1.000000e-05	 
 1.553189e+00	 1.916388e+00	 5.684913e-05	 9.582223e-01	 1	 0	 1.195472e+00	 2.303113e-01	 1.706215e+00	 33	 58	 1	 8.015429e-01	 9.582223e-01	 
 1.553189e+00	 1.916388e+00	 5.684913e-05	 9.582223e-01	 1	 0	 1.392522e+00	 1.034435e-01	 1.706215e+00	 33	 58	 1	 6.881201e-01	 9.582223e-01	 
 1.553189e+00	 1.916388e+00	 5.684913e-05	 9.582223e-01	 1	 0	 1.540503e+00	 8.167651e-03	 1.706215e+00	 33	 58	 1	 6.220190e-01	 9.582223e-01	 
 1.553189e+00	 1.916388e+00	 5.684913e-05	 9.582223e-01	 1	 0	 9.986379e-01	 3.570404e-01	 1.706215e+00	 33	 58	 1	 9.595293e-01	 9.582223e-01	 
 1.553189e+00	 1.916388e+00	 5.684913e-05	 9.582223e-01	 1	 0	 1.298401e+00	 1.640422e-01	 1.706215e+00	 33	 58	 1	 7.380020e-01	 9.582223e-01	 
 1.553189e+00	 1.916388e+00	 5.684913e-05	 9.582223e-01	 1	 1	 1.752839e+00	 1.285415e-01	 1.706215e+00	 33	 58	 1	 5.466689e-01	 9.582223e-01	 
 1.553189e+00	 1.916388e+00	 5.684913e-05	 9.582223e-01	 1	 0	 1.276314e+00	 1.782626e-01	 1.706215e+00	 33	 58	 1	 7.507734e-01	 9.582223e-01	 
 1.553189e+00	 1.916388e+00	 5.684913e-05	 9.582223e-01	 1	 0	 1.062705e+00	 3.157917e-01	 1.706215e+00	 33	 58	 1	 9.016823e-01	 9.582223e-01	 
 1.553189e+00	 1.916388e+00	 5.684913e-05	 9.582223e-01	 1	 0	 1.039201e+00	 3.309242e-01	 1.706215e+00	 33	 58	 1	 9.220757e-01	 9.582223e-01	 
 1.553189e+00	 1.916388e+00	 5.684913e-05	 9.582223e-01	 1	 0	 9.747244e-01	 3.724368e-01	 1.706215e+00	 33	 58	 1	 9.830700e-01	 9.582223e-01	 
 1.553189e+00	 1.916388e+00	 5.684913e-05	 9.582223e-01	 1	 0	 1.520221e+00	 2.122617e-02	 1.706215e+00	 33	 58	 1	 6.303178e-01	 9.582223e-01	 
 1.553189e+00	 1.916388e+00	 5.684913e-05	 9.582223e-01	 1	 0	 1.454282e+00	 6.368026e-02	 1.706215e+00	 33	 58	 1	 6.588973e-01	 9.582223e-01	 
 1.553189e+00	 1.916388e+00	 5.684913e-05	 9.582223e-01	 1	 0	 1.178896e+00	 2.409834e-01	 1.706215e+00	 33	 58	 1	 8.128130e-01	 9.582223e-01	 
 1.553189e+00	 1.916388e+00	 5.684913e-05	 9.582223e-01	 1	 0	 1.445543e+00	 6.930664e-02	 1.706215e+00	 33	 58	 1	 6.628806e-01	 9.582223e-01	 
 1.553189e+00	 1.916388e+00	 5.684913e-05	 9.582223e-01	 1	 1	 1.674288e+00	 7.796800e-02	 1.706215e+00	 33	 58	 1	 5.723162e-01	 9.582223e-01	 
 1.553189e+00	 1.916388e+00	 5.684913e-05	 9.582223e-01	 1	 1	 1.908402e+00	 2.286990e-01	 1.706215e+00	 33	 58	 1	 5.021071e-01	 9.582223e-01	 
 1.553189e+00	 1.916388e+00	 5.684913e-05	 9.582223e-01	 1	 1	 1.816030e+00	 1.692264e-01	 1.706215e+00	 33	 58	 1	 5.276468e-01	 9.582223e-01	 
 1.553189e+00	 1.916388e+00	 5.684913e-05	 9.582223e-01	 1	 1	 1.804453e+00	 1.617730e-01	 1.706215e+00	 33	 58	 1	 5.310319e-01	 9.582223e-01	 
 1.553189e+00	 1.916388e+00	 5.684913e-05	 9.582223e-01	 1	 1	 1.776049e+00	 1.434852e-01	 1.706215e+00	 33	 58	 1	 5.395247e-01	 9.582223e-01	 
 1.553189e+00	 1.916388e+00	 5.684913e-05	 9.582223e-01	 1	 1	 1.730752e+00	 1.143215e-01	 1.706215e+00	 33	 58	 1	 5.536450e-01	 9.582223e-01	 
 1.553189e+00	 1.916388e+00	 5.684913e-05	 9.582223e-01	 1	 0	 1.059056e+00	 3.181409e-01	 1.706215e+00	 33	 58	 1	 9.047889e-01	 9.582223e-01	 
 1.553189e+00	 1.916388e+00	 5.684913e-05	 9.582223e-01	 1	 0	 1.147325e+00	 2.613101e-01	 1.706215e+00	 33	 58	 1	 8.351793e-01	 9.582223e-01	 
 1.553189e+00	 1.916388e+00	 5.684913e-05	 9.582223e-01	 1	 1	 1.733800e+00	 1.162838e-01	 1.706215e+00	 33	 58	 1	 5.526718e-01	 9.582223e-01	 
 1.553189e+00	 1.916388e+00	 5.684913e-05	 9.582223e-01	 1	 0	 1.208077e+00	 2.221958e-01	 1.706215e+00	 33	 58	 1	 7.931798e-01	 9.582223e-01	 
 1.553189e+00	 1.916388e+00	 5.684913e-05	 9.582223e-01	 1	 0	 1.096080e+00	 2.943035e-01	 1.706215e+00	 33	 58	 1	 8.742264e-01	 9.582223e-01	 
 1.553189e+00	 1.916388e+00	 5.684913e-05	 9.582223e-01	 1	 0	 1.147200e+00	 2.613907e-01	 1.706215e+00	 33	 58	 1	 8.352705e-01	 9.582223e-01	 
 1.553189e+00	 1.916388e+00	 5.684913e-05	 9.582223e-01	 1	 0	 1.118049e+00	 2.801593e-01	 1.706215e+00	 33	 58	 1	 8.570487e-01	 9.582223e-01	 
 1.553189e+00	 1.916388e+00	 5.684913e-05	 9.582223e-01	 1	 1	 1.716802e+00	 1.053399e-01	 1.706215e+00	 33	 58	 1	 5.581438e-01	 9.582223e-01	 
 1.553189e+00	 1.916388e+00	 5.684913e-05	 9.582223e-01	 1	 0	 1.449018e+00	 6.706903e-02	 1.706215e+00	 33	 58	 1	 6.612907e-01	 9.582223e-01	 
 1.553189e+00	 1.916388e+00	 5.684913e-05	 9.582223e-01	 1	 0	 1.112185e+00	 2.839349e-01	 1.706215e+00	 33	 58	 1	 8.615676e-01	 9.582223e-01	 
 1.553189e+00	 1.916388e+00	 5.684913e-05	 9.582223e-01	 1	 0	 1.146488e+00	 2.618494e-01	 1.706215e+00	 33	 58	 1	 8.357895e-01	 9.582223e-01	 
 1.553189e+00	 1.916388e+00	 5.684913e-05	 9.582223e-01	 1	 0	 1.399676e+00	 9.883714e-02	 1.706215e+00	 33	 58	 1	 6.846027e-01	 9.582223e-01	 
 1.553189e+00	 1.916388e+00	 5.684913e-05	 9.582223e-01	 1	 1	 1.811235e+00	 1.661395e-01	 1.706215e+00	 33	 58	 1	 5.290435e-01	 9.582223e-01	 
 1.553189e+00	 1.916388e+00	 5.684913e-05	 9.582223e-01	 1	 0	 1.303210e+00	 1.609461e-01	 1.706215e+00	 33	 58	 1	 7.352788e-01	 9.582223e-01	 
 1.553189e+00	 1.916388e+00	 5.684913e-05	 9.582223e-01	 1	 0	 1.540324e+00	 8.283262e-03	 1.706215e+00	 33	 58	 1	 6.220915e-01	 9.582223e-01	 
 1.553189e+00	 1.916388e+00	 5.684913e-05	 9.582223e-01	 1	 0	 1.513719e+00	 2.541229e-02	 1.706215e+00	 33	 58	 1	 6.330252e-01	 9.582223e-01	 
 1.553189e+00	 1.916388e+00	 5.684913e-05	 9.582223e-01	 1	 0	 1.351108e+00	 1.301073e-01	 1.706215e+00	 33	 58	 1	 7.092123e-01	 9.582223e-01	 
 1.553189e+00	 1.916388e+00	 5.684913e-05	 9.582223e-01	 1	 1	 1.775992e+00	 1.434487e-01	 1.706215e+00	 33	 58	 1	 5.395419e-01	 9.582223e-01	 
 1.553189e+00	 1.916388e+00	 5.684913e-05	 9.582223e-01	 1	 1	 1.904275e+00	 2.260418e-01	 1.706215e+00	 33	 58	 1	 5.031954e-01	 9.582223e-01	 
 1.553189e+00	 1.916388e+00	 5.684913e-05	 9.582223e-01	 1	 0	 1.316276e+00	 1.525331e-01	 1.706215e+00	 33	 58	 1	 7.279795e-01	 9.582223e-01	 
 1.553189e+00	 1.916388e+00	 5.684913e-05	 9.582223e-01	 1	 0	 1.115906e+00	 2.815390e-01	 1.706215e+00	 33	 58	 1	 8.586945e-01	 9.582223e-01	 
 1.553189e+00	 1.916388e+00	 5.684913e-05	 9.582223e-01	 1	 0	 1.093758e+00	 2.957989e-01	 1.706215e+00	 33	 58	 1	 8.760829e-01	 9.582223e-01	 
 1.553189e+00	 1.916388e+00	 5.684913e-05	 9.582223e-01	 1	 1	 1.743547e+00	 1.225590e-01	 1.706215e+00	 33	 58	 1	 5.495823e-01	 9.582223e-01	 
 1.553189e+00	 1.916388e+00	 5.684913e-05	 9.582223e-01	 1	 1	 1.848990e+00	 1.904473e-01	 1.706215e+00	 33	 58	 1	 5.182410e-01	 9.582223e-01	 
 1.553189e+00	 1.916388e+00	 5.684913e-05	 9.582223e-01	 1	 1	 1.624170e+00	 4.569992e-02	 1.706215e+00	 33	 58	 1	 5.899766e-01	 9.582223e-01	 
 1.553189e+00	 1.916388e+00	 5.684913e-05	 9.582223e-01	 1	 0	 1.549675e+00	 2.262626e-03	 1.706215e+00	 33	 58	 1	 6.183376e-01	 9.582223e-01	 
 1.553189e+00	 1.916388e+00	 5.684913e-05	 9.582223e-01	 1	 0	 1.519714e+00	 2.155242e-02	 1.706215e+00	 33	 58	 1	 6.305279e-01	 9.582223e-01	 
 1.553189e+00	 1.916388e+00	 5.684913e-05	 9.582223e-01	 1	 0	 1.239800e+00	 2.017712e-01	 1.706215e+00	 33	 58	 1	 7.728843e-01	 9.582223e-01	 
 1.553189e+00	 1.916388e+00	 5.684913e-05	 9.582223e-01	 1	 0	 1.164163e+00	 2.504693e-01	 1.706215e+00	 33	 58	 1	 8.230997e-01	 9.582223e-01	 
 1.553189e+00	 1.916388e+00	 5.684913e-05	 9.582223e-01	 1	 0	 1.351567e+00	 1.298119e-01	 1.706215e+00	 33	 58	 1	 7.089715e-01	 9.582223e-01	 
 1.553189e+00	 1.916388e+00	 5.684913e-05	 9.582223e-01	 1	 0	 1.548198e+00	 3.213565e-03	 1.706215e+00	 33	 58	 1	 6.189275e-01	 9.582223e-01	 
 1.553189e+00	 1.916388e+00	 5.684913e-05	 9.582223e-01	 1	 0	 1.279470e+00	 1.762303e-01	 1.706215e+00	 33	 58	 1	 7.489212e-01	 9.582223e-01	 
 1.553189e+00	 1.916388e+00	 5.684913e-05	 9.582223e-01	 1	 0	 1.047326e+00	 3.256932e-01	 1.706215e+00	 33	 58	 1	 9.149226e-01	 9.582223e-01	 
 1.553189e+00	 1.916388e+00	 5.684913e-05	 9.582223e-01	 1	 1	 1.741097e+00	 1.209818e-01	 1.706215e+00	 33	 58	 1	 5.503555e-01	 9.582223e-01	 
 1.553189e+00	 1.916388e+00	 5.684913e-05	 9.582223e-01	 1	 0	 1.095024e+00	 2.949838e-01	 1.706215e+00	 33	 58	 1	 8.750701e-01	 9.582223e-01	 
 1.553189e+00	 1.916388e+00	 5.684913e-05	 9.582223e-01	 1	 1	 1.668522e+00	 7.425564e-02	 1.706215e+00	 33	 58	 1	 5.742940e-01	 9.582223e-01	 
 1.553189e+00	 1.916388e+00	 5.684913e-05	 9.582223e-01	 1	 0	 1.046331e+00	 3.263337e-01	 1.706215e+00	 33	 58	 1	 9.157924e-01	 9.582223e-01	 
 1.553189e+00	 1.916388e+00	 5.684913e-05	 9.582223e-01	 1	 0	 1.417736e+00	 8.720973e-02	 1.706215e+00	 33	 58	 1	 6.758820e-01	 9.582223e-01	 
 1.553189e+00	 1.916388e+00	 5.684913e-05	 9.582223e-01	 1	 1	 1.907846e+00	 2.283412e-01	 1.706215e+00	 33	 58	 1	 5.022534e-01	 9.582223e-01	 
 1.553189e+00	 1.916388e+00	 5.684913e-05	 9.582223e-01	 1	 1	 1.646730e+00	 6.022474e-02	 1.706215e+00	 33	 58	 1	 5.818941e-01	 9.582223e-01	 
 1.553189e+00	 1.916388e+00	 5.684913e-05	 9.582223e-01	 1	 0	 9.990263e-01	 3.567904e-01	 1.706215e+00	 33	 58	 1	 9.591562e-01	 9.582223e-01	 
 1.553189e+00	 1.916388e+00	 5.684913e-05	 9.582223e-01	 1	 1	 1.807014e+00	 1.634216e-01	 1.706215e+00	 33	 58	 1	 5.302794e-01	 9.582223e-01	 
 1.553189e+00	 1.916388e+00	 5.684913e-05	 9.582223e-01	 1	 0	 1.459933e+00	 6.004149e-02	 1.706215e+00	 33	 58	 1	 6.563466e-01	 9.582223e-01	 
 1.553189e+00	 1.916388e+00	 5.684913e-05	 9.582223e-01	 1	 0	 1.149574e+00	 2.598625e-01	 1.706215e+00	 33	 58	 1	 8.335459e-01	 9.582223e-01	 
 1.553189e+00	 1.916388e+00	 5.684913e-05	 9.582223e-01	 1	 0	 1.318247e+00	 1.512642e-01	 1.706215e+00	 33	 58	 1	 7.268912e-01	 9.582223e-01	 
 1.553189e+00	 1.916388e+00	 5.684913e-05	 9.582223e-01	 1	 1	 1.619151e+00	 4.246872e-02	 1.706215e+00	 33	 58	 1	 5.918053e-01	 9.582223e-01	 
 1.553189e+00	 1.916388e+00	 5.684913e-05	 9.582223e-01	 1	 0	 1.010128e+00	 3.496425e-01	 1.706215e+00	 33	 58	 1	 9.486144e-01	 9.582223e-01	 
 1.553189e+00	 1.916388e+00	 5.684913e-05	 9.582223e-01	 1	 0	 1.255209e+00	 1.918509e-01	 1.706215e+00	 33	 58	 1	 7.633969e-01	 9.582223e-01	 
 1.553189e+00	 1.916388e+00	 5.684913e-05	 9.582223e-01	 1	 0	 1.478075e+00	 4.836150e-02	 1.706215e+00	 33	 58	 1	 6.482909e-01	 9.582223e-01	 
 1.553189e+00	 1.916388e+00	 5.684913e-05	 9.582223e-01	 1	 1	 1.840257e+00	 1.848250e-01	 1.706215e+00	 33	 58	 1	 5.207001e-01	 9.582223e-01	 
 1.553189e+00	 1.916388e+00	 5.684913e-05	 9.582223e-01	 1	 0	 1.051889e+00	 3.227554e-01	 1.706215e+00	 33	 58	 1	 9.109537e-01	 9.582223e-01	 
