alturaRetangulo	 maximoAltura	 minimoAltura	 presenteMetade	 p	 pV	 novaAltura***	 variacPercAlt	 percentAltur	 s	 e	 pp	 comparatMet	 metaAltura***	 novoComparaMetade
1.000000e-05	 1.000000e-05	 1.000000e-05	 1.000000e-05	 1	 1	 1.000000e-05	 1.000000e-05	 1.000000e-05	 1	 1	 1	 1.000000e-05	 1.000000e-05	 1.000000e-05	 
 1.529928e-02	 2.663750e-02	 2.176753e-03	 1.440713e-02	 1	 1	 1.604979e-02	 4.905520e-02	 1.109863e+00	 36	 59	 1	 8.976523e-01	 1.440713e-02	 
 1.529928e-02	 2.663750e-02	 2.176753e-03	 1.440713e-02	 1	 1	 1.710677e-02	 1.181421e-01	 1.109863e+00	 36	 59	 1	 8.421889e-01	 1.440713e-02	 
 1.529928e-02	 2.663750e-02	 2.176753e-03	 1.440713e-02	 1	 1	 1.882158e-02	 2.302265e-01	 1.109863e+00	 36	 59	 1	 7.654581e-01	 1.440713e-02	 
 1.529928e-02	 2.663750e-02	 2.176753e-03	 1.440713e-02	 1	 1	 2.466794e-02	 6.123598e-01	 1.109863e+00	 36	 59	 1	 5.840426e-01	 1.440713e-02	 
 1.529928e-02	 2.663750e-02	 2.176753e-03	 1.440713e-02	 1	 1	 2.198624e-02	 4.370770e-01	 1.109863e+00	 36	 59	 1	 6.552793e-01	 1.440713e-02	 
 1.529928e-02	 2.663750e-02	 2.176753e-03	 1.440713e-02	 1	 1	 2.086431e-02	 3.637446e-01	 1.109863e+00	 36	 59	 1	 6.905155e-01	 1.440713e-02	 
 1.529928e-02	 2.663750e-02	 2.176753e-03	 1.440713e-02	 1	 1	 2.446522e-02	 5.991092e-01	 1.109863e+00	 36	 59	 1	 5.888821e-01	 1.440713e-02	 
 1.529928e-02	 2.663750e-02	 2.176753e-03	 1.440713e-02	 1	 1	 1.699167e-02	 1.106189e-01	 1.109863e+00	 36	 59	 1	 8.478938e-01	 1.440713e-02	 
 1.529928e-02	 2.663750e-02	 2.176753e-03	 1.440713e-02	 1	 0	 1.492014e-02	 2.478117e-02	 1.109863e+00	 36	 59	 1	 9.656159e-01	 1.440713e-02	 
 1.529928e-02	 2.663750e-02	 2.176753e-03	 1.440713e-02	 1	 1	 2.137042e-02	 3.968253e-01	 1.109863e+00	 36	 59	 1	 6.741622e-01	 1.440713e-02	 
 1.529928e-02	 2.663750e-02	 2.176753e-03	 1.440713e-02	 1	 1	 1.536176e-02	 4.083836e-03	 1.109863e+00	 36	 59	 1	 9.378568e-01	 1.440713e-02	 
 1.529928e-02	 2.663750e-02	 2.176753e-03	 1.440713e-02	 1	 1	 2.370666e-02	 5.495282e-01	 1.109863e+00	 36	 59	 1	 6.077249e-01	 1.440713e-02	 
 1.529928e-02	 2.663750e-02	 2.176753e-03	 1.440713e-02	 1	 1	 1.813418e-02	 1.852963e-01	 1.109863e+00	 36	 59	 1	 7.944738e-01	 1.440713e-02	 
 1.529928e-02	 2.663750e-02	 2.176753e-03	 1.440713e-02	 1	 1	 2.541127e-02	 6.609457e-01	 1.109863e+00	 36	 59	 1	 5.669582e-01	 1.440713e-02	 
 1.529928e-02	 2.663750e-02	 2.176753e-03	 1.440713e-02	 1	 1	 1.550565e-02	 1.348904e-02	 1.109863e+00	 36	 59	 1	 9.291534e-01	 1.440713e-02	 
 1.529928e-02	 2.663750e-02	 2.176753e-03	 1.440713e-02	 1	 1	 2.451832e-02	 6.025805e-01	 1.109863e+00	 36	 59	 1	 5.876066e-01	 1.440713e-02	 
 1.529928e-02	 2.663750e-02	 2.176753e-03	 1.440713e-02	 1	 1	 1.692052e-02	 1.059687e-01	 1.109863e+00	 36	 59	 1	 8.514588e-01	 1.440713e-02	 
 1.529928e-02	 2.663750e-02	 2.176753e-03	 1.440713e-02	 1	 1	 2.208073e-02	 4.432533e-01	 1.109863e+00	 36	 59	 1	 6.524751e-01	 1.440713e-02	 
 1.529928e-02	 2.663750e-02	 2.176753e-03	 1.440713e-02	 1	 0	 1.454500e-02	 4.930152e-02	 1.109863e+00	 36	 59	 1	 9.905210e-01	 1.440713e-02	 
 1.529928e-02	 2.663750e-02	 2.176753e-03	 1.440713e-02	 1	 1	 2.501180e-02	 6.348351e-01	 1.109863e+00	 36	 59	 1	 5.760133e-01	 1.440713e-02	 
 1.529928e-02	 2.663750e-02	 2.176753e-03	 1.440713e-02	 1	 0	 1.446807e-02	 5.433013e-02	 1.109863e+00	 36	 59	 1	 9.957881e-01	 1.440713e-02	 
 1.529928e-02	 2.663750e-02	 2.176753e-03	 1.440713e-02	 1	 1	 2.186163e-02	 4.289322e-01	 1.109863e+00	 36	 59	 1	 6.590144e-01	 1.440713e-02	 
 1.529928e-02	 2.663750e-02	 2.176753e-03	 1.440713e-02	 1	 0	 1.456139e-02	 4.823051e-02	 1.109863e+00	 36	 59	 1	 9.894064e-01	 1.440713e-02	 
 1.529928e-02	 2.663750e-02	 2.176753e-03	 1.440713e-02	 1	 1	 2.541963e-02	 6.614919e-01	 1.109863e+00	 36	 59	 1	 5.667718e-01	 1.440713e-02	 
 1.529928e-02	 2.663750e-02	 2.176753e-03	 1.440713e-02	 1	 1	 1.914862e-02	 2.516027e-01	 1.109863e+00	 36	 59	 1	 7.523848e-01	 1.440713e-02	 
 1.529928e-02	 2.663750e-02	 2.176753e-03	 1.440713e-02	 1	 1	 2.382722e-02	 5.574082e-01	 1.109863e+00	 36	 59	 1	 6.046499e-01	 1.440713e-02	 
 1.529928e-02	 2.663750e-02	 2.176753e-03	 1.440713e-02	 1	 1	 1.645007e-02	 7.521873e-02	 1.109863e+00	 36	 59	 1	 8.758095e-01	 1.440713e-02	 
 1.529928e-02	 2.663750e-02	 2.176753e-03	 1.440713e-02	 1	 1	 1.917036e-02	 2.530239e-01	 1.109863e+00	 36	 59	 1	 7.515314e-01	 1.440713e-02	 
 1.529928e-02	 2.663750e-02	 2.176753e-03	 1.440713e-02	 1	 1	 1.978218e-02	 2.930142e-01	 1.109863e+00	 36	 59	 1	 7.282881e-01	 1.440713e-02	 
 1.529928e-02	 2.663750e-02	 2.176753e-03	 1.440713e-02	 1	 1	 2.508545e-02	 6.396492e-01	 1.109863e+00	 36	 59	 1	 5.743221e-01	 1.440713e-02	 
 1.529928e-02	 2.663750e-02	 2.176753e-03	 1.440713e-02	 1	 1	 2.483548e-02	 6.233107e-01	 1.109863e+00	 36	 59	 1	 5.801026e-01	 1.440713e-02	 
 1.529928e-02	 2.663750e-02	 2.176753e-03	 1.440713e-02	 1	 1	 1.670552e-02	 9.191544e-02	 1.109863e+00	 36	 59	 1	 8.624173e-01	 1.440713e-02	 
 1.529928e-02	 2.663750e-02	 2.176753e-03	 1.440713e-02	 1	 0	 1.513219e-02	 1.092111e-02	 1.109863e+00	 36	 59	 1	 9.520846e-01	 1.440713e-02	 
 1.529928e-02	 2.663750e-02	 2.176753e-03	 1.440713e-02	 1	 1	 1.798362e-02	 1.754558e-01	 1.109863e+00	 36	 59	 1	 8.011248e-01	 1.440713e-02	 
 1.529928e-02	 2.663750e-02	 2.176753e-03	 1.440713e-02	 1	 1	 1.846305e-02	 2.067921e-01	 1.109863e+00	 36	 59	 1	 7.803223e-01	 1.440713e-02	 
 1.529928e-02	 2.663750e-02	 2.176753e-03	 1.440713e-02	 1	 1	 1.941373e-02	 2.689311e-01	 1.109863e+00	 36	 59	 1	 7.421103e-01	 1.440713e-02	 
 1.529928e-02	 2.663750e-02	 2.176753e-03	 1.440713e-02	 1	 1	 1.715220e-02	 1.211116e-01	 1.109863e+00	 36	 59	 1	 8.399582e-01	 1.440713e-02	 
 1.529928e-02	 2.663750e-02	 2.176753e-03	 1.440713e-02	 1	 1	 1.640894e-02	 7.253056e-02	 1.109863e+00	 36	 59	 1	 8.780047e-01	 1.440713e-02	 
 1.529928e-02	 2.663750e-02	 2.176753e-03	 1.440713e-02	 1	 1	 2.140656e-02	 3.991879e-01	 1.109863e+00	 36	 59	 1	 6.730238e-01	 1.440713e-02	 
 1.529928e-02	 2.663750e-02	 2.176753e-03	 1.440713e-02	 1	 1	 1.827912e-02	 1.947700e-01	 1.109863e+00	 36	 59	 1	 7.881742e-01	 1.440713e-02	 
 1.529928e-02	 2.663750e-02	 2.176753e-03	 1.440713e-02	 1	 1	 2.121185e-02	 3.864611e-01	 1.109863e+00	 36	 59	 1	 6.792018e-01	 1.440713e-02	 
 1.529928e-02	 2.663750e-02	 2.176753e-03	 1.440713e-02	 1	 1	 1.610705e-02	 5.279807e-02	 1.109863e+00	 36	 59	 1	 8.944610e-01	 1.440713e-02	 
 1.529928e-02	 2.663750e-02	 2.176753e-03	 1.440713e-02	 1	 1	 2.360806e-02	 5.430831e-01	 1.109863e+00	 36	 59	 1	 6.102632e-01	 1.440713e-02	 
 1.529928e-02	 2.663750e-02	 2.176753e-03	 1.440713e-02	 1	 1	 1.779545e-02	 1.631563e-01	 1.109863e+00	 36	 59	 1	 8.095961e-01	 1.440713e-02	 
 1.529928e-02	 2.663750e-02	 2.176753e-03	 1.440713e-02	 1	 1	 2.349270e-02	 5.355432e-01	 1.109863e+00	 36	 59	 1	 6.132597e-01	 1.440713e-02	 
 1.529928e-02	 2.663750e-02	 2.176753e-03	 1.440713e-02	 1	 1	 1.981244e-02	 2.949916e-01	 1.109863e+00	 36	 59	 1	 7.271760e-01	 1.440713e-02	 
 1.529928e-02	 2.663750e-02	 2.176753e-03	 1.440713e-02	 1	 1	 2.262924e-02	 4.791054e-01	 1.109863e+00	 36	 59	 1	 6.366597e-01	 1.440713e-02	 
 1.529928e-02	 2.663750e-02	 2.176753e-03	 1.440713e-02	 1	 1	 2.098457e-02	 3.716050e-01	 1.109863e+00	 36	 59	 1	 6.865583e-01	 1.440713e-02	 
 1.529928e-02	 2.663750e-02	 2.176753e-03	 1.440713e-02	 1	 0	 1.514454e-02	 1.011436e-02	 1.109863e+00	 36	 59	 1	 9.513087e-01	 1.440713e-02	 
 1.529928e-02	 2.663750e-02	 2.176753e-03	 1.440713e-02	 1	 1	 1.545097e-02	 9.915263e-03	 1.109863e+00	 36	 59	 1	 9.324414e-01	 1.440713e-02	 
 1.529928e-02	 2.663750e-02	 2.176753e-03	 1.440713e-02	 1	 1	 1.763088e-02	 1.523996e-01	 1.109863e+00	 36	 59	 1	 8.171530e-01	 1.440713e-02	 
 1.529928e-02	 2.663750e-02	 2.176753e-03	 1.440713e-02	 1	 0	 1.523400e-02	 4.267001e-03	 1.109863e+00	 36	 59	 1	 9.457222e-01	 1.440713e-02	 
 1.529928e-02	 2.663750e-02	 2.176753e-03	 1.440713e-02	 1	 1	 1.826765e-02	 1.940206e-01	 1.109863e+00	 36	 59	 1	 7.886688e-01	 1.440713e-02	 
 1.529928e-02	 2.663750e-02	 2.176753e-03	 1.440713e-02	 1	 1	 1.812764e-02	 1.848689e-01	 1.109863e+00	 36	 59	 1	 7.947603e-01	 1.440713e-02	 
 1.529928e-02	 2.663750e-02	 2.176753e-03	 1.440713e-02	 1	 1	 2.583568e-02	 6.886861e-01	 1.109863e+00	 36	 59	 1	 5.576447e-01	 1.440713e-02	 
 1.529928e-02	 2.663750e-02	 2.176753e-03	 1.440713e-02	 1	 1	 2.186735e-02	 4.293057e-01	 1.109863e+00	 36	 59	 1	 6.588421e-01	 1.440713e-02	 
 1.529928e-02	 2.663750e-02	 2.176753e-03	 1.440713e-02	 1	 1	 2.490904e-02	 6.281185e-01	 1.109863e+00	 36	 59	 1	 5.783896e-01	 1.440713e-02	 
 1.529928e-02	 2.663750e-02	 2.176753e-03	 1.440713e-02	 1	 1	 2.351620e-02	 5.370794e-01	 1.109863e+00	 36	 59	 1	 6.126468e-01	 1.440713e-02	 
 1.529928e-02	 2.663750e-02	 2.176753e-03	 1.440713e-02	 1	 1	 1.938115e-02	 2.668014e-01	 1.109863e+00	 36	 59	 1	 7.433579e-01	 1.440713e-02	 
 1.529928e-02	 2.663750e-02	 2.176753e-03	 1.440713e-02	 1	 1	 2.536228e-02	 6.577435e-01	 1.109863e+00	 36	 59	 1	 5.680534e-01	 1.440713e-02	 
 1.529928e-02	 2.663750e-02	 2.176753e-03	 1.440713e-02	 1	 1	 2.067199e-02	 3.511740e-01	 1.109863e+00	 36	 59	 1	 6.969397e-01	 1.440713e-02	 
 1.529928e-02	 2.663750e-02	 2.176753e-03	 1.440713e-02	 1	 1	 2.280325e-02	 4.904787e-01	 1.109863e+00	 36	 59	 1	 6.318016e-01	 1.440713e-02	 
 1.529928e-02	 2.663750e-02	 2.176753e-03	 1.440713e-02	 1	 1	 2.205929e-02	 4.418515e-01	 1.109863e+00	 36	 59	 1	 6.531094e-01	 1.440713e-02	 
 1.529928e-02	 2.663750e-02	 2.176753e-03	 1.440713e-02	 1	 1	 1.937375e-02	 2.663183e-01	 1.109863e+00	 36	 59	 1	 7.436415e-01	 1.440713e-02	 
 1.529928e-02	 2.663750e-02	 2.176753e-03	 1.440713e-02	 1	 1	 2.464909e-02	 6.111280e-01	 1.109863e+00	 36	 59	 1	 5.844891e-01	 1.440713e-02	 
 1.529928e-02	 2.663750e-02	 2.176753e-03	 1.440713e-02	 1	 1	 2.131869e-02	 3.934439e-01	 1.109863e+00	 36	 59	 1	 6.757981e-01	 1.440713e-02	 
 1.529928e-02	 2.663750e-02	 2.176753e-03	 1.440713e-02	 1	 1	 2.557110e-02	 6.713924e-01	 1.109863e+00	 36	 59	 1	 5.634146e-01	 1.440713e-02	 
 1.529928e-02	 2.663750e-02	 2.176753e-03	 1.440713e-02	 1	 1	 1.722533e-02	 1.258915e-01	 1.109863e+00	 36	 59	 1	 8.363922e-01	 1.440713e-02	 
 1.529928e-02	 2.663750e-02	 2.176753e-03	 1.440713e-02	 1	 1	 2.416680e-02	 5.796041e-01	 1.109863e+00	 36	 59	 1	 5.961537e-01	 1.440713e-02	 
 1.529928e-02	 2.663750e-02	 2.176753e-03	 1.440713e-02	 1	 1	 2.438237e-02	 5.936940e-01	 1.109863e+00	 36	 59	 1	 5.908831e-01	 1.440713e-02	 
 1.529928e-02	 2.663750e-02	 2.176753e-03	 1.440713e-02	 1	 1	 1.895576e-02	 2.389970e-01	 1.109863e+00	 36	 59	 1	 7.600396e-01	 1.440713e-02	 
 1.529928e-02	 2.663750e-02	 2.176753e-03	 1.440713e-02	 1	 0	 1.475532e-02	 3.555438e-02	 1.109863e+00	 36	 59	 1	 9.764022e-01	 1.440713e-02	 
 1.529928e-02	 2.663750e-02	 2.176753e-03	 1.440713e-02	 1	 1	 1.856086e-02	 2.131851e-01	 1.109863e+00	 36	 59	 1	 7.762104e-01	 1.440713e-02	 
 1.529928e-02	 2.663750e-02	 2.176753e-03	 1.440713e-02	 1	 1	 1.833140e-02	 1.981872e-01	 1.109863e+00	 36	 59	 1	 7.859263e-01	 1.440713e-02	 
 1.529928e-02	 2.663750e-02	 2.176753e-03	 1.440713e-02	 1	 0	 1.493892e-02	 2.355382e-02	 1.109863e+00	 36	 59	 1	 9.644022e-01	 1.440713e-02	 
 1.529928e-02	 2.663750e-02	 2.176753e-03	 1.440713e-02	 1	 1	 2.363368e-02	 5.447577e-01	 1.109863e+00	 36	 59	 1	 6.096016e-01	 1.440713e-02	 
 1.529928e-02	 2.663750e-02	 2.176753e-03	 1.440713e-02	 1	 1	 2.351776e-02	 5.371810e-01	 1.109863e+00	 36	 59	 1	 6.126063e-01	 1.440713e-02	 
 1.529928e-02	 2.663750e-02	 2.176753e-03	 1.440713e-02	 1	 1	 2.532289e-02	 6.551691e-01	 1.109863e+00	 36	 59	 1	 5.689369e-01	 1.440713e-02	 
 1.529928e-02	 2.663750e-02	 2.176753e-03	 1.440713e-02	 1	 1	 2.437941e-02	 5.935004e-01	 1.109863e+00	 36	 59	 1	 5.909549e-01	 1.440713e-02	 
 1.529928e-02	 2.663750e-02	 2.176753e-03	 1.440713e-02	 1	 1	 1.730003e-02	 1.307743e-01	 1.109863e+00	 36	 59	 1	 8.327806e-01	 1.440713e-02	 
 1.529928e-02	 2.663750e-02	 2.176753e-03	 1.440713e-02	 1	 1	 2.060314e-02	 3.466743e-01	 1.109863e+00	 36	 59	 1	 6.992684e-01	 1.440713e-02	 
 1.529928e-02	 2.663750e-02	 2.176753e-03	 1.440713e-02	 1	 1	 2.085640e-02	 3.632280e-01	 1.109863e+00	 36	 59	 1	 6.907772e-01	 1.440713e-02	 
 1.529928e-02	 2.663750e-02	 2.176753e-03	 1.440713e-02	 1	 1	 1.543919e-02	 9.145275e-03	 1.109863e+00	 36	 59	 1	 9.331529e-01	 1.440713e-02	 
 1.529928e-02	 2.663750e-02	 2.176753e-03	 1.440713e-02	 1	 1	 2.610729e-02	 7.064397e-01	 1.109863e+00	 36	 59	 1	 5.518430e-01	 1.440713e-02	 
 1.529928e-02	 2.663750e-02	 2.176753e-03	 1.440713e-02	 1	 1	 2.199858e-02	 4.378835e-01	 1.109863e+00	 36	 59	 1	 6.549118e-01	 1.440713e-02	 
 1.529928e-02	 2.663750e-02	 2.176753e-03	 1.440713e-02	 1	 1	 2.003967e-02	 3.098443e-01	 1.109863e+00	 36	 59	 1	 7.189303e-01	 1.440713e-02	 
 1.529928e-02	 2.663750e-02	 2.176753e-03	 1.440713e-02	 1	 1	 1.979663e-02	 2.939584e-01	 1.109863e+00	 36	 59	 1	 7.277566e-01	 1.440713e-02	 
 1.529928e-02	 2.663750e-02	 2.176753e-03	 1.440713e-02	 1	 1	 2.472652e-02	 6.161889e-01	 1.109863e+00	 36	 59	 1	 5.826589e-01	 1.440713e-02	 
 1.529928e-02	 2.663750e-02	 2.176753e-03	 1.440713e-02	 1	 1	 2.363703e-02	 5.449769e-01	 1.109863e+00	 36	 59	 1	 6.095151e-01	 1.440713e-02	 
 1.529928e-02	 2.663750e-02	 2.176753e-03	 1.440713e-02	 1	 1	 2.339985e-02	 5.294741e-01	 1.109863e+00	 36	 59	 1	 6.156932e-01	 1.440713e-02	 
 1.529928e-02	 2.663750e-02	 2.176753e-03	 1.440713e-02	 1	 1	 1.932060e-02	 2.628436e-01	 1.109863e+00	 36	 59	 1	 7.456876e-01	 1.440713e-02	 
 1.529928e-02	 2.663750e-02	 2.176753e-03	 1.440713e-02	 1	 1	 1.612622e-02	 5.405084e-02	 1.109863e+00	 36	 59	 1	 8.933979e-01	 1.440713e-02	 
 1.529928e-02	 2.663750e-02	 2.176753e-03	 1.440713e-02	 1	 1	 2.086914e-02	 3.640602e-01	 1.109863e+00	 36	 59	 1	 6.903558e-01	 1.440713e-02	 
 1.529928e-02	 2.663750e-02	 2.176753e-03	 1.440713e-02	 1	 1	 2.657218e-02	 7.368260e-01	 1.109863e+00	 36	 59	 1	 5.421884e-01	 1.440713e-02	 
 1.529928e-02	 2.663750e-02	 2.176753e-03	 1.440713e-02	 1	 1	 2.588296e-02	 6.917767e-01	 1.109863e+00	 36	 59	 1	 5.566259e-01	 1.440713e-02	 
 1.529928e-02	 2.663750e-02	 2.176753e-03	 1.440713e-02	 1	 0	 1.522566e-02	 4.811947e-03	 1.109863e+00	 36	 59	 1	 9.462401e-01	 1.440713e-02	 
 1.529928e-02	 2.663750e-02	 2.176753e-03	 1.440713e-02	 1	 1	 1.565939e-02	 2.353806e-02	 1.109863e+00	 36	 59	 1	 9.200311e-01	 1.440713e-02	 
 1.529928e-02	 2.663750e-02	 2.176753e-03	 1.440713e-02	 1	 1	 2.575331e-02	 6.833026e-01	 1.109863e+00	 36	 59	 1	 5.594281e-01	 1.440713e-02	 
 1.529928e-02	 2.663750e-02	 2.176753e-03	 1.440713e-02	 1	 1	 2.584540e-02	 6.893219e-01	 1.109863e+00	 36	 59	 1	 5.574348e-01	 1.440713e-02	 
 1.000000e-12	 1.000000e-12	 1.000000e-12	 1.000000e-12	 0	 0	 1.000000e-12	 1.000000e-12	 1.000000e-12	 0	 0	 0	 1.000000e-12	 1.000000e-12	 1.000000e-12	 
 1.000000e-05	 1.000000e-05	 1.000000e-05	 1.000000e-05	 1	 1	 1.000000e-05	 1.000000e-05	 1.000000e-05	 1	 1	 1	 1.000000e-05	 1.000000e-05	 1.000000e-05	 
 2.758625e-02	 4.568882e-02	 1.457688e-03	 2.357325e-02	 1	 1	 3.662531e-02	 3.276654e-01	 1.170235e+00	 25	 52	 1	 6.436329e-01	 2.357325e-02	 
 2.758625e-02	 4.568882e-02	 1.457688e-03	 2.357325e-02	 1	 1	 2.984967e-02	 8.204902e-02	 1.170235e+00	 25	 52	 1	 7.897324e-01	 2.357325e-02	 
 2.758625e-02	 4.568882e-02	 1.457688e-03	 2.357325e-02	 1	 1	 4.121767e-02	 4.941383e-01	 1.170235e+00	 25	 52	 1	 5.719211e-01	 2.357325e-02	 
 2.758625e-02	 4.568882e-02	 1.457688e-03	 2.357325e-02	 1	 1	 2.920577e-02	 5.870771e-02	 1.170235e+00	 25	 52	 1	 8.071436e-01	 2.357325e-02	 
 2.758625e-02	 4.568882e-02	 1.457688e-03	 2.357325e-02	 1	 1	 4.300426e-02	 5.589020e-01	 1.170235e+00	 25	 52	 1	 5.481609e-01	 2.357325e-02	 
 2.758625e-02	 4.568882e-02	 1.457688e-03	 2.357325e-02	 1	 1	 3.234788e-02	 1.726088e-01	 1.170235e+00	 25	 52	 1	 7.287419e-01	 2.357325e-02	 
 2.758625e-02	 4.568882e-02	 1.457688e-03	 2.357325e-02	 1	 1	 4.348741e-02	 5.764164e-01	 1.170235e+00	 25	 52	 1	 5.420707e-01	 2.357325e-02	 
 2.758625e-02	 4.568882e-02	 1.457688e-03	 2.357325e-02	 1	 0	 2.395514e-02	 1.316274e-01	 1.170235e+00	 25	 52	 1	 9.840582e-01	 2.357325e-02	 
 2.758625e-02	 4.568882e-02	 1.457688e-03	 2.357325e-02	 1	 1	 3.968029e-02	 4.384085e-01	 1.170235e+00	 25	 52	 1	 5.940796e-01	 2.357325e-02	 
 2.758625e-02	 4.568882e-02	 1.457688e-03	 2.357325e-02	 1	 1	 4.509617e-02	 6.347337e-01	 1.170235e+00	 25	 52	 1	 5.227329e-01	 2.357325e-02	 
 2.758625e-02	 4.568882e-02	 1.457688e-03	 2.357325e-02	 1	 0	 2.700166e-02	 2.119117e-02	 1.170235e+00	 25	 52	 1	 8.730297e-01	 2.357325e-02	 
 2.758625e-02	 4.568882e-02	 1.457688e-03	 2.357325e-02	 1	 0	 2.729767e-02	 1.046095e-02	 1.170235e+00	 25	 52	 1	 8.635629e-01	 2.357325e-02	 
 2.758625e-02	 4.568882e-02	 1.457688e-03	 2.357325e-02	 1	 1	 4.388000e-02	 5.906476e-01	 1.170235e+00	 25	 52	 1	 5.372209e-01	 2.357325e-02	 
 2.758625e-02	 4.568882e-02	 1.457688e-03	 2.357325e-02	 1	 1	 4.348660e-02	 5.763869e-01	 1.170235e+00	 25	 52	 1	 5.420809e-01	 2.357325e-02	 
 2.758625e-02	 4.568882e-02	 1.457688e-03	 2.357325e-02	 1	 1	 3.510398e-02	 2.725173e-01	 1.170235e+00	 25	 52	 1	 6.715266e-01	 2.357325e-02	 
 2.758625e-02	 4.568882e-02	 1.457688e-03	 2.357325e-02	 1	 1	 3.691877e-02	 3.383034e-01	 1.170235e+00	 25	 52	 1	 6.385168e-01	 2.357325e-02	 
 2.758625e-02	 4.568882e-02	 1.457688e-03	 2.357325e-02	 1	 1	 4.508357e-02	 6.342770e-01	 1.170235e+00	 25	 52	 1	 5.228790e-01	 2.357325e-02	 
 2.758625e-02	 4.568882e-02	 1.457688e-03	 2.357325e-02	 1	 0	 2.721104e-02	 1.360134e-02	 1.170235e+00	 25	 52	 1	 8.663122e-01	 2.357325e-02	 
 2.758625e-02	 4.568882e-02	 1.457688e-03	 2.357325e-02	 1	 1	 3.896645e-02	 4.125318e-01	 1.170235e+00	 25	 52	 1	 6.049628e-01	 2.357325e-02	 
 2.758625e-02	 4.568882e-02	 1.457688e-03	 2.357325e-02	 1	 0	 2.583277e-02	 6.356358e-02	 1.170235e+00	 25	 52	 1	 9.125330e-01	 2.357325e-02	 
 2.758625e-02	 4.568882e-02	 1.457688e-03	 2.357325e-02	 1	 1	 4.391229e-02	 5.918183e-01	 1.170235e+00	 25	 52	 1	 5.368258e-01	 2.357325e-02	 
 2.758625e-02	 4.568882e-02	 1.457688e-03	 2.357325e-02	 1	 1	 3.928433e-02	 4.240550e-01	 1.170235e+00	 25	 52	 1	 6.000675e-01	 2.357325e-02	 
 2.758625e-02	 4.568882e-02	 1.457688e-03	 2.357325e-02	 1	 0	 2.435259e-02	 1.172199e-01	 1.170235e+00	 25	 52	 1	 9.679977e-01	 2.357325e-02	 
 2.758625e-02	 4.568882e-02	 1.457688e-03	 2.357325e-02	 1	 1	 3.347531e-02	 2.134782e-01	 1.170235e+00	 25	 52	 1	 7.041982e-01	 2.357325e-02	 
 2.758625e-02	 4.568882e-02	 1.457688e-03	 2.357325e-02	 1	 1	 3.335755e-02	 2.092095e-01	 1.170235e+00	 25	 52	 1	 7.066841e-01	 2.357325e-02	 
 2.758625e-02	 4.568882e-02	 1.457688e-03	 2.357325e-02	 1	 1	 3.841301e-02	 3.924698e-01	 1.170235e+00	 25	 52	 1	 6.136788e-01	 2.357325e-02	 
 2.758625e-02	 4.568882e-02	 1.457688e-03	 2.357325e-02	 1	 0	 2.400251e-02	 1.299102e-01	 1.170235e+00	 25	 52	 1	 9.821161e-01	 2.357325e-02	 
 2.758625e-02	 4.568882e-02	 1.457688e-03	 2.357325e-02	 1	 0	 2.366934e-02	 1.419875e-01	 1.170235e+00	 25	 52	 1	 9.959402e-01	 2.357325e-02	 
 2.758625e-02	 4.568882e-02	 1.457688e-03	 2.357325e-02	 1	 1	 3.931926e-02	 4.253211e-01	 1.170235e+00	 25	 52	 1	 5.995345e-01	 2.357325e-02	 
 2.758625e-02	 4.568882e-02	 1.457688e-03	 2.357325e-02	 1	 1	 4.338913e-02	 5.728538e-01	 1.170235e+00	 25	 52	 1	 5.432985e-01	 2.357325e-02	 
 2.758625e-02	 4.568882e-02	 1.457688e-03	 2.357325e-02	 1	 1	 3.446972e-02	 2.495255e-01	 1.170235e+00	 25	 52	 1	 6.838829e-01	 2.357325e-02	 
 2.758625e-02	 4.568882e-02	 1.457688e-03	 2.357325e-02	 1	 1	 3.913033e-02	 4.184724e-01	 1.170235e+00	 25	 52	 1	 6.024292e-01	 2.357325e-02	 
 2.758625e-02	 4.568882e-02	 1.457688e-03	 2.357325e-02	 1	 0	 2.588919e-02	 6.151827e-02	 1.170235e+00	 25	 52	 1	 9.105443e-01	 2.357325e-02	 
 2.758625e-02	 4.568882e-02	 1.457688e-03	 2.357325e-02	 1	 1	 3.111956e-02	 1.280823e-01	 1.170235e+00	 25	 52	 1	 7.575061e-01	 2.357325e-02	 
 2.758625e-02	 4.568882e-02	 1.457688e-03	 2.357325e-02	 1	 1	 2.867308e-02	 3.939756e-02	 1.170235e+00	 25	 52	 1	 8.221389e-01	 2.357325e-02	 
 2.758625e-02	 4.568882e-02	 1.457688e-03	 2.357325e-02	 1	 1	 2.823429e-02	 2.349170e-02	 1.170235e+00	 25	 52	 1	 8.349156e-01	 2.357325e-02	 
 2.758625e-02	 4.568882e-02	 1.457688e-03	 2.357325e-02	 1	 1	 3.820549e-02	 3.849470e-01	 1.170235e+00	 25	 52	 1	 6.170122e-01	 2.357325e-02	 
 2.758625e-02	 4.568882e-02	 1.457688e-03	 2.357325e-02	 1	 1	 3.407293e-02	 2.351420e-01	 1.170235e+00	 25	 52	 1	 6.918469e-01	 2.357325e-02	 
 2.758625e-02	 4.568882e-02	 1.457688e-03	 2.357325e-02	 1	 1	 3.727638e-02	 3.512667e-01	 1.170235e+00	 25	 52	 1	 6.323912e-01	 2.357325e-02	 
 2.758625e-02	 4.568882e-02	 1.457688e-03	 2.357325e-02	 1	 1	 3.324137e-02	 2.049980e-01	 1.170235e+00	 25	 52	 1	 7.091540e-01	 2.357325e-02	 
 2.758625e-02	 4.568882e-02	 1.457688e-03	 2.357325e-02	 1	 1	 4.265118e-02	 5.461030e-01	 1.170235e+00	 25	 52	 1	 5.526987e-01	 2.357325e-02	 
 2.758625e-02	 4.568882e-02	 1.457688e-03	 2.357325e-02	 1	 1	 3.213912e-02	 1.650414e-01	 1.170235e+00	 25	 52	 1	 7.334753e-01	 2.357325e-02	 
 2.758625e-02	 4.568882e-02	 1.457688e-03	 2.357325e-02	 1	 1	 2.961977e-02	 7.371503e-02	 1.170235e+00	 25	 52	 1	 7.958622e-01	 2.357325e-02	 
 2.758625e-02	 4.568882e-02	 1.457688e-03	 2.357325e-02	 1	 1	 3.491147e-02	 2.655391e-01	 1.170235e+00	 25	 52	 1	 6.752294e-01	 2.357325e-02	 
 2.758625e-02	 4.568882e-02	 1.457688e-03	 2.357325e-02	 1	 1	 3.943318e-02	 4.294509e-01	 1.170235e+00	 25	 52	 1	 5.978024e-01	 2.357325e-02	 
 2.758625e-02	 4.568882e-02	 1.457688e-03	 2.357325e-02	 1	 1	 4.062422e-02	 4.726258e-01	 1.170235e+00	 25	 52	 1	 5.802758e-01	 2.357325e-02	 
 2.758625e-02	 4.568882e-02	 1.457688e-03	 2.357325e-02	 1	 1	 4.375068e-02	 5.859600e-01	 1.170235e+00	 25	 52	 1	 5.388088e-01	 2.357325e-02	 
 2.758625e-02	 4.568882e-02	 1.457688e-03	 2.357325e-02	 1	 1	 4.061887e-02	 4.724320e-01	 1.170235e+00	 25	 52	 1	 5.803522e-01	 2.357325e-02	 
 2.758625e-02	 4.568882e-02	 1.457688e-03	 2.357325e-02	 1	 0	 2.602231e-02	 5.669251e-02	 1.170235e+00	 25	 52	 1	 9.058861e-01	 2.357325e-02	 
 2.758625e-02	 4.568882e-02	 1.457688e-03	 2.357325e-02	 1	 0	 2.696793e-02	 2.241397e-02	 1.170235e+00	 25	 52	 1	 8.741217e-01	 2.357325e-02	 
 2.758625e-02	 4.568882e-02	 1.457688e-03	 2.357325e-02	 1	 1	 3.381716e-02	 2.258702e-01	 1.170235e+00	 25	 52	 1	 6.970797e-01	 2.357325e-02	 
 2.758625e-02	 4.568882e-02	 1.457688e-03	 2.357325e-02	 1	 0	 2.733733e-02	 9.023133e-03	 1.170235e+00	 25	 52	 1	 8.623099e-01	 2.357325e-02	 
 2.758625e-02	 4.568882e-02	 1.457688e-03	 2.357325e-02	 1	 1	 3.822715e-02	 3.857323e-01	 1.170235e+00	 25	 52	 1	 6.166625e-01	 2.357325e-02	 
 2.758625e-02	 4.568882e-02	 1.457688e-03	 2.357325e-02	 1	 1	 3.003784e-02	 8.887003e-02	 1.170235e+00	 25	 52	 1	 7.847853e-01	 2.357325e-02	 
 2.758625e-02	 4.568882e-02	 1.457688e-03	 2.357325e-02	 1	 1	 3.623271e-02	 3.134340e-01	 1.170235e+00	 25	 52	 1	 6.506069e-01	 2.357325e-02	 
 2.758625e-02	 4.568882e-02	 1.457688e-03	 2.357325e-02	 1	 1	 2.814792e-02	 2.036060e-02	 1.170235e+00	 25	 52	 1	 8.374776e-01	 2.357325e-02	 
 2.758625e-02	 4.568882e-02	 1.457688e-03	 2.357325e-02	 1	 1	 3.784972e-02	 3.720502e-01	 1.170235e+00	 25	 52	 1	 6.228119e-01	 2.357325e-02	 
 2.758625e-02	 4.568882e-02	 1.457688e-03	 2.357325e-02	 1	 1	 3.152586e-02	 1.428109e-01	 1.170235e+00	 25	 52	 1	 7.477433e-01	 2.357325e-02	 
 2.758625e-02	 4.568882e-02	 1.457688e-03	 2.357325e-02	 1	 0	 2.746953e-02	 4.230824e-03	 1.170235e+00	 25	 52	 1	 8.581599e-01	 2.357325e-02	 
 2.758625e-02	 4.568882e-02	 1.457688e-03	 2.357325e-02	 1	 0	 2.509019e-02	 9.048207e-02	 1.170235e+00	 25	 52	 1	 9.395408e-01	 2.357325e-02	 
 2.758625e-02	 4.568882e-02	 1.457688e-03	 2.357325e-02	 1	 1	 3.997788e-02	 4.491960e-01	 1.170235e+00	 25	 52	 1	 5.896574e-01	 2.357325e-02	 
 2.758625e-02	 4.568882e-02	 1.457688e-03	 2.357325e-02	 1	 1	 3.784131e-02	 3.717455e-01	 1.170235e+00	 25	 52	 1	 6.229502e-01	 2.357325e-02	 
 2.758625e-02	 4.568882e-02	 1.457688e-03	 2.357325e-02	 1	 0	 2.574502e-02	 6.674437e-02	 1.170235e+00	 25	 52	 1	 9.156432e-01	 2.357325e-02	 
 2.758625e-02	 4.568882e-02	 1.457688e-03	 2.357325e-02	 1	 1	 3.024651e-02	 9.643451e-02	 1.170235e+00	 25	 52	 1	 7.793709e-01	 2.357325e-02	 
 2.758625e-02	 4.568882e-02	 1.457688e-03	 2.357325e-02	 1	 1	 3.377815e-02	 2.244560e-01	 1.170235e+00	 25	 52	 1	 6.978847e-01	 2.357325e-02	 
 2.758625e-02	 4.568882e-02	 1.457688e-03	 2.357325e-02	 1	 1	 4.042883e-02	 4.655431e-01	 1.170235e+00	 25	 52	 1	 5.830802e-01	 2.357325e-02	 
 2.758625e-02	 4.568882e-02	 1.457688e-03	 2.357325e-02	 1	 1	 3.344559e-02	 2.124010e-01	 1.170235e+00	 25	 52	 1	 7.048239e-01	 2.357325e-02	 
 2.758625e-02	 4.568882e-02	 1.457688e-03	 2.357325e-02	 1	 1	 3.016125e-02	 9.334383e-02	 1.170235e+00	 25	 52	 1	 7.815740e-01	 2.357325e-02	 
 2.758625e-02	 4.568882e-02	 1.457688e-03	 2.357325e-02	 1	 1	 3.357845e-02	 2.172170e-01	 1.170235e+00	 25	 52	 1	 7.020352e-01	 2.357325e-02	 
 2.758625e-02	 4.568882e-02	 1.457688e-03	 2.357325e-02	 1	 1	 3.302643e-02	 1.972063e-01	 1.170235e+00	 25	 52	 1	 7.137694e-01	 2.357325e-02	 
 2.758625e-02	 4.568882e-02	 1.457688e-03	 2.357325e-02	 1	 1	 3.953116e-02	 4.330025e-01	 1.170235e+00	 25	 52	 1	 5.963208e-01	 2.357325e-02	 
 2.758625e-02	 4.568882e-02	 1.457688e-03	 2.357325e-02	 1	 1	 3.990247e-02	 4.464624e-01	 1.170235e+00	 25	 52	 1	 5.907718e-01	 2.357325e-02	 
 2.758625e-02	 4.568882e-02	 1.457688e-03	 2.357325e-02	 1	 1	 3.933797e-02	 4.259994e-01	 1.170235e+00	 25	 52	 1	 5.992493e-01	 2.357325e-02	 
 2.758625e-02	 4.568882e-02	 1.457688e-03	 2.357325e-02	 1	 1	 4.405135e-02	 5.968590e-01	 1.170235e+00	 25	 52	 1	 5.351313e-01	 2.357325e-02	 
 2.758625e-02	 4.568882e-02	 1.457688e-03	 2.357325e-02	 1	 1	 3.624123e-02	 3.137427e-01	 1.170235e+00	 25	 52	 1	 6.504540e-01	 2.357325e-02	 
 2.758625e-02	 4.568882e-02	 1.457688e-03	 2.357325e-02	 1	 1	 4.490178e-02	 6.276871e-01	 1.170235e+00	 25	 52	 1	 5.249960e-01	 2.357325e-02	 
 2.758625e-02	 4.568882e-02	 1.457688e-03	 2.357325e-02	 1	 1	 3.356283e-02	 2.166510e-01	 1.170235e+00	 25	 52	 1	 7.023618e-01	 2.357325e-02	 
 2.758625e-02	 4.568882e-02	 1.457688e-03	 2.357325e-02	 1	 1	 3.017644e-02	 9.389431e-02	 1.170235e+00	 25	 52	 1	 7.811807e-01	 2.357325e-02	 
 2.758625e-02	 4.568882e-02	 1.457688e-03	 2.357325e-02	 1	 0	 2.543542e-02	 7.796730e-02	 1.170235e+00	 25	 52	 1	 9.267884e-01	 2.357325e-02	 
 2.758625e-02	 4.568882e-02	 1.457688e-03	 2.357325e-02	 1	 1	 3.307520e-02	 1.989744e-01	 1.170235e+00	 25	 52	 1	 7.127168e-01	 2.357325e-02	 
 2.758625e-02	 4.568882e-02	 1.457688e-03	 2.357325e-02	 1	 1	 4.035737e-02	 4.629524e-01	 1.170235e+00	 25	 52	 1	 5.841128e-01	 2.357325e-02	 
 2.758625e-02	 4.568882e-02	 1.457688e-03	 2.357325e-02	 1	 1	 3.790239e-02	 3.739596e-01	 1.170235e+00	 25	 52	 1	 6.219464e-01	 2.357325e-02	 
 2.758625e-02	 4.568882e-02	 1.457688e-03	 2.357325e-02	 1	 1	 2.934751e-02	 6.384585e-02	 1.170235e+00	 25	 52	 1	 8.032453e-01	 2.357325e-02	 
 2.758625e-02	 4.568882e-02	 1.457688e-03	 2.357325e-02	 1	 1	 4.013933e-02	 4.550487e-01	 1.170235e+00	 25	 52	 1	 5.872856e-01	 2.357325e-02	 
 2.758625e-02	 4.568882e-02	 1.457688e-03	 2.357325e-02	 1	 1	 3.926803e-02	 4.234640e-01	 1.170235e+00	 25	 52	 1	 6.003166e-01	 2.357325e-02	 
 2.758625e-02	 4.568882e-02	 1.457688e-03	 2.357325e-02	 1	 1	 2.822490e-02	 2.315098e-02	 1.170235e+00	 25	 52	 1	 8.351936e-01	 2.357325e-02	 
 2.758625e-02	 4.568882e-02	 1.457688e-03	 2.357325e-02	 1	 1	 2.941201e-02	 6.618397e-02	 1.170235e+00	 25	 52	 1	 8.014838e-01	 2.357325e-02	 
 2.758625e-02	 4.568882e-02	 1.457688e-03	 2.357325e-02	 1	 1	 3.808012e-02	 3.804023e-01	 1.170235e+00	 25	 52	 1	 6.190435e-01	 2.357325e-02	 
 2.758625e-02	 4.568882e-02	 1.457688e-03	 2.357325e-02	 1	 1	 3.311651e-02	 2.004716e-01	 1.170235e+00	 25	 52	 1	 7.118279e-01	 2.357325e-02	 
 2.758625e-02	 4.568882e-02	 1.457688e-03	 2.357325e-02	 1	 0	 2.448638e-02	 1.123701e-01	 1.170235e+00	 25	 52	 1	 9.627089e-01	 2.357325e-02	 
 2.758625e-02	 4.568882e-02	 1.457688e-03	 2.357325e-02	 1	 0	 2.641106e-02	 4.260059e-02	 1.170235e+00	 25	 52	 1	 8.925524e-01	 2.357325e-02	 
 2.758625e-02	 4.568882e-02	 1.457688e-03	 2.357325e-02	 1	 0	 2.746082e-02	 4.546763e-03	 1.170235e+00	 25	 52	 1	 8.584323e-01	 2.357325e-02	 
 2.758625e-02	 4.568882e-02	 1.457688e-03	 2.357325e-02	 1	 1	 3.616180e-02	 3.108635e-01	 1.170235e+00	 25	 52	 1	 6.518827e-01	 2.357325e-02	 
 2.758625e-02	 4.568882e-02	 1.457688e-03	 2.357325e-02	 1	 1	 3.779878e-02	 3.702036e-01	 1.170235e+00	 25	 52	 1	 6.236512e-01	 2.357325e-02	 
 2.758625e-02	 4.568882e-02	 1.457688e-03	 2.357325e-02	 1	 1	 2.857566e-02	 3.586629e-02	 1.170235e+00	 25	 52	 1	 8.249416e-01	 2.357325e-02	 
 2.758625e-02	 4.568882e-02	 1.457688e-03	 2.357325e-02	 1	 1	 2.959832e-02	 7.293759e-02	 1.170235e+00	 25	 52	 1	 7.964388e-01	 2.357325e-02	 
 2.758625e-02	 4.568882e-02	 1.457688e-03	 2.357325e-02	 1	 0	 2.441614e-02	 1.149162e-01	 1.170235e+00	 25	 52	 1	 9.654783e-01	 2.357325e-02	 
 2.758625e-02	 4.568882e-02	 1.457688e-03	 2.357325e-02	 1	 1	 4.418671e-02	 6.017659e-01	 1.170235e+00	 25	 52	 1	 5.334919e-01	 2.357325e-02	 
 2.758625e-02	 4.568882e-02	 1.457688e-03	 2.357325e-02	 1	 1	 3.279319e-02	 1.887515e-01	 1.170235e+00	 25	 52	 1	 7.188459e-01	 2.357325e-02	 
 1.000000e-12	 1.000000e-12	 1.000000e-12	 1.000000e-12	 0	 0	 1.000000e-12	 1.000000e-12	 1.000000e-12	 0	 0	 0	 1.000000e-12	 1.000000e-12	 1.000000e-12	 
 1.000000e-05	 1.000000e-05	 1.000000e-05	 1.000000e-05	 1	 1	 1.000000e-05	 1.000000e-05	 1.000000e-05	 1	 1	 1	 1.000000e-05	 1.000000e-05	 1.000000e-05	 
 1.529928e-02	 2.663750e-02	 2.176753e-03	 1.440713e-02	 1	 1	 1.872733e-02	 2.240661e-01	 1.109863e+00	 36	 59	 1	 7.693104e-01	 1.440713e-02	 
 1.529928e-02	 2.663750e-02	 2.176753e-03	 1.440713e-02	 1	 1	 2.152180e-02	 4.067197e-01	 1.109863e+00	 36	 59	 1	 6.694203e-01	 1.440713e-02	 
 1.529928e-02	 2.663750e-02	 2.176753e-03	 1.440713e-02	 1	 1	 2.109378e-02	 3.787435e-01	 1.109863e+00	 36	 59	 1	 6.830036e-01	 1.440713e-02	 
 1.529928e-02	 2.663750e-02	 2.176753e-03	 1.440713e-02	 1	 1	 1.708387e-02	 1.166455e-01	 1.109863e+00	 36	 59	 1	 8.433176e-01	 1.440713e-02	 
 1.529928e-02	 2.663750e-02	 2.176753e-03	 1.440713e-02	 1	 1	 2.270079e-02	 4.837816e-01	 1.109863e+00	 36	 59	 1	 6.346532e-01	 1.440713e-02	 
 1.529928e-02	 2.663750e-02	 2.176753e-03	 1.440713e-02	 1	 1	 2.479062e-02	 6.203787e-01	 1.109863e+00	 36	 59	 1	 5.811523e-01	 1.440713e-02	 
 1.529928e-02	 2.663750e-02	 2.176753e-03	 1.440713e-02	 1	 1	 2.016373e-02	 3.179532e-01	 1.109863e+00	 36	 59	 1	 7.145070e-01	 1.440713e-02	 
 1.529928e-02	 2.663750e-02	 2.176753e-03	 1.440713e-02	 1	 1	 1.706772e-02	 1.155900e-01	 1.109863e+00	 36	 59	 1	 8.441155e-01	 1.440713e-02	 
 1.529928e-02	 2.663750e-02	 2.176753e-03	 1.440713e-02	 1	 1	 2.026029e-02	 3.242645e-01	 1.109863e+00	 36	 59	 1	 7.111017e-01	 1.440713e-02	 
 1.529928e-02	 2.663750e-02	 2.176753e-03	 1.440713e-02	 1	 1	 1.792838e-02	 1.718450e-01	 1.109863e+00	 36	 59	 1	 8.035933e-01	 1.440713e-02	 
 1.529928e-02	 2.663750e-02	 2.176753e-03	 1.440713e-02	 1	 1	 2.418551e-02	 5.808270e-01	 1.109863e+00	 36	 59	 1	 5.956925e-01	 1.440713e-02	 
 1.529928e-02	 2.663750e-02	 2.176753e-03	 1.440713e-02	 1	 1	 2.228727e-02	 4.567532e-01	 1.109863e+00	 36	 59	 1	 6.464285e-01	 1.440713e-02	 
 1.529928e-02	 2.663750e-02	 2.176753e-03	 1.440713e-02	 1	 1	 2.655298e-02	 7.355711e-01	 1.109863e+00	 36	 59	 1	 5.425804e-01	 1.440713e-02	 
 1.529928e-02	 2.663750e-02	 2.176753e-03	 1.440713e-02	 1	 1	 1.936520e-02	 2.657589e-01	 1.109863e+00	 36	 59	 1	 7.439701e-01	 1.440713e-02	 
 1.529928e-02	 2.663750e-02	 2.176753e-03	 1.440713e-02	 1	 1	 2.341704e-02	 5.305975e-01	 1.109863e+00	 36	 59	 1	 6.152413e-01	 1.440713e-02	 
 1.529928e-02	 2.663750e-02	 2.176753e-03	 1.440713e-02	 1	 1	 2.183318e-02	 4.270723e-01	 1.109863e+00	 36	 59	 1	 6.598732e-01	 1.440713e-02	 
 1.529928e-02	 2.663750e-02	 2.176753e-03	 1.440713e-02	 1	 1	 1.843764e-02	 2.051313e-01	 1.109863e+00	 36	 59	 1	 7.813977e-01	 1.440713e-02	 
 1.529928e-02	 2.663750e-02	 2.176753e-03	 1.440713e-02	 1	 1	 1.745521e-02	 1.409173e-01	 1.109863e+00	 36	 59	 1	 8.253769e-01	 1.440713e-02	 
 1.529928e-02	 2.663750e-02	 2.176753e-03	 1.440713e-02	 1	 1	 2.002341e-02	 3.087811e-01	 1.109863e+00	 36	 59	 1	 7.195144e-01	 1.440713e-02	 
 1.529928e-02	 2.663750e-02	 2.176753e-03	 1.440713e-02	 1	 1	 1.977091e-02	 2.922775e-01	 1.109863e+00	 36	 59	 1	 7.287032e-01	 1.440713e-02	 
 1.529928e-02	 2.663750e-02	 2.176753e-03	 1.440713e-02	 1	 1	 2.453154e-02	 6.034443e-01	 1.109863e+00	 36	 59	 1	 5.872900e-01	 1.440713e-02	 
 1.529928e-02	 2.663750e-02	 2.176753e-03	 1.440713e-02	 1	 1	 2.111653e-02	 3.802303e-01	 1.109863e+00	 36	 59	 1	 6.822679e-01	 1.440713e-02	 
 1.529928e-02	 2.663750e-02	 2.176753e-03	 1.440713e-02	 1	 1	 2.594212e-02	 6.956432e-01	 1.109863e+00	 36	 59	 1	 5.553567e-01	 1.440713e-02	 
 1.529928e-02	 2.663750e-02	 2.176753e-03	 1.440713e-02	 1	 1	 1.673931e-02	 9.412406e-02	 1.109863e+00	 36	 59	 1	 8.606765e-01	 1.440713e-02	 
 1.529928e-02	 2.663750e-02	 2.176753e-03	 1.440713e-02	 1	 1	 2.202127e-02	 4.393665e-01	 1.109863e+00	 36	 59	 1	 6.542370e-01	 1.440713e-02	 
 1.529928e-02	 2.663750e-02	 2.176753e-03	 1.440713e-02	 1	 1	 1.674769e-02	 9.467213e-02	 1.109863e+00	 36	 59	 1	 8.602455e-01	 1.440713e-02	 
 1.529928e-02	 2.663750e-02	 2.176753e-03	 1.440713e-02	 1	 1	 2.004260e-02	 3.100354e-01	 1.109863e+00	 36	 59	 1	 7.188255e-01	 1.440713e-02	 
 1.529928e-02	 2.663750e-02	 2.176753e-03	 1.440713e-02	 1	 1	 1.968117e-02	 2.864115e-01	 1.109863e+00	 36	 59	 1	 7.320261e-01	 1.440713e-02	 
 1.529928e-02	 2.663750e-02	 2.176753e-03	 1.440713e-02	 1	 1	 2.592120e-02	 6.942763e-01	 1.109863e+00	 36	 59	 1	 5.558047e-01	 1.440713e-02	 
 1.529928e-02	 2.663750e-02	 2.176753e-03	 1.440713e-02	 1	 1	 2.147679e-02	 4.037779e-01	 1.109863e+00	 36	 59	 1	 6.708232e-01	 1.440713e-02	 
 1.529928e-02	 2.663750e-02	 2.176753e-03	 1.440713e-02	 1	 1	 1.912782e-02	 2.502433e-01	 1.109863e+00	 36	 59	 1	 7.532029e-01	 1.440713e-02	 
 1.529928e-02	 2.663750e-02	 2.176753e-03	 1.440713e-02	 1	 0	 1.490679e-02	 2.565383e-02	 1.109863e+00	 36	 59	 1	 9.664808e-01	 1.440713e-02	 
 1.529928e-02	 2.663750e-02	 2.176753e-03	 1.440713e-02	 1	 1	 2.106480e-02	 3.768493e-01	 1.109863e+00	 36	 59	 1	 6.839433e-01	 1.440713e-02	 
 1.529928e-02	 2.663750e-02	 2.176753e-03	 1.440713e-02	 1	 1	 1.533263e-02	 2.179927e-03	 1.109863e+00	 36	 59	 1	 9.396385e-01	 1.440713e-02	 
 1.529928e-02	 2.663750e-02	 2.176753e-03	 1.440713e-02	 1	 0	 1.467160e-02	 4.102633e-02	 1.109863e+00	 36	 59	 1	 9.819736e-01	 1.440713e-02	 
 1.529928e-02	 2.663750e-02	 2.176753e-03	 1.440713e-02	 1	 0	 1.508256e-02	 1.416538e-02	 1.109863e+00	 36	 59	 1	 9.552178e-01	 1.440713e-02	 
 1.529928e-02	 2.663750e-02	 2.176753e-03	 1.440713e-02	 1	 1	 2.350427e-02	 5.362994e-01	 1.109863e+00	 36	 59	 1	 6.129579e-01	 1.440713e-02	 
 1.529928e-02	 2.663750e-02	 2.176753e-03	 1.440713e-02	 1	 1	 2.651384e-02	 7.330124e-01	 1.109863e+00	 36	 59	 1	 5.433815e-01	 1.440713e-02	 
 1.529928e-02	 2.663750e-02	 2.176753e-03	 1.440713e-02	 1	 1	 1.563462e-02	 2.191907e-02	 1.109863e+00	 36	 59	 1	 9.214886e-01	 1.440713e-02	 
 1.529928e-02	 2.663750e-02	 2.176753e-03	 1.440713e-02	 1	 1	 2.154022e-02	 4.079242e-01	 1.109863e+00	 36	 59	 1	 6.688477e-01	 1.440713e-02	 
 1.529928e-02	 2.663750e-02	 2.176753e-03	 1.440713e-02	 1	 1	 1.540477e-02	 6.895313e-03	 1.109863e+00	 36	 59	 1	 9.352381e-01	 1.440713e-02	 
 1.529928e-02	 2.663750e-02	 2.176753e-03	 1.440713e-02	 1	 1	 1.705790e-02	 1.149480e-01	 1.109863e+00	 36	 59	 1	 8.446016e-01	 1.440713e-02	 
 1.529928e-02	 2.663750e-02	 2.176753e-03	 1.440713e-02	 1	 1	 2.553055e-02	 6.687424e-01	 1.109863e+00	 36	 59	 1	 5.643093e-01	 1.440713e-02	 
 1.529928e-02	 2.663750e-02	 2.176753e-03	 1.440713e-02	 1	 1	 2.340778e-02	 5.299922e-01	 1.109863e+00	 36	 59	 1	 6.154847e-01	 1.440713e-02	 
 1.529928e-02	 2.663750e-02	 2.176753e-03	 1.440713e-02	 1	 1	 2.247031e-02	 4.687173e-01	 1.109863e+00	 36	 59	 1	 6.411627e-01	 1.440713e-02	 
 1.529928e-02	 2.663750e-02	 2.176753e-03	 1.440713e-02	 1	 1	 1.627739e-02	 6.393224e-02	 1.109863e+00	 36	 59	 1	 8.851004e-01	 1.440713e-02	 
 1.529928e-02	 2.663750e-02	 2.176753e-03	 1.440713e-02	 1	 1	 2.253250e-02	 4.727821e-01	 1.109863e+00	 36	 59	 1	 6.393932e-01	 1.440713e-02	 
 1.529928e-02	 2.663750e-02	 2.176753e-03	 1.440713e-02	 1	 1	 2.420142e-02	 5.818668e-01	 1.109863e+00	 36	 59	 1	 5.953010e-01	 1.440713e-02	 
 1.529928e-02	 2.663750e-02	 2.176753e-03	 1.440713e-02	 1	 0	 1.510175e-02	 1.291074e-02	 1.109863e+00	 36	 59	 1	 9.540037e-01	 1.440713e-02	 
 1.529928e-02	 2.663750e-02	 2.176753e-03	 1.440713e-02	 1	 1	 1.765924e-02	 1.542529e-01	 1.109863e+00	 36	 59	 1	 8.158410e-01	 1.440713e-02	 
 1.529928e-02	 2.663750e-02	 2.176753e-03	 1.440713e-02	 1	 1	 2.559808e-02	 6.731559e-01	 1.109863e+00	 36	 59	 1	 5.628207e-01	 1.440713e-02	 
 1.529928e-02	 2.663750e-02	 2.176753e-03	 1.440713e-02	 1	 1	 1.952590e-02	 2.762632e-01	 1.109863e+00	 36	 59	 1	 7.378469e-01	 1.440713e-02	 
 1.529928e-02	 2.663750e-02	 2.176753e-03	 1.440713e-02	 1	 1	 2.219020e-02	 4.504084e-01	 1.109863e+00	 36	 59	 1	 6.492563e-01	 1.440713e-02	 
 1.529928e-02	 2.663750e-02	 2.176753e-03	 1.440713e-02	 1	 1	 1.777068e-02	 1.615373e-01	 1.109863e+00	 36	 59	 1	 8.107245e-01	 1.440713e-02	 
 1.529928e-02	 2.663750e-02	 2.176753e-03	 1.440713e-02	 1	 1	 2.617365e-02	 7.107772e-01	 1.109863e+00	 36	 59	 1	 5.504439e-01	 1.440713e-02	 
 1.529928e-02	 2.663750e-02	 2.176753e-03	 1.440713e-02	 1	 1	 1.604189e-02	 4.853904e-02	 1.109863e+00	 36	 59	 1	 8.980942e-01	 1.440713e-02	 
 1.529928e-02	 2.663750e-02	 2.176753e-03	 1.440713e-02	 1	 1	 1.940686e-02	 2.684821e-01	 1.109863e+00	 36	 59	 1	 7.423729e-01	 1.440713e-02	 
 1.529928e-02	 2.663750e-02	 2.176753e-03	 1.440713e-02	 1	 1	 2.312193e-02	 5.113083e-01	 1.109863e+00	 36	 59	 1	 6.230938e-01	 1.440713e-02	 
 1.529928e-02	 2.663750e-02	 2.176753e-03	 1.440713e-02	 1	 1	 2.408463e-02	 5.742331e-01	 1.109863e+00	 36	 59	 1	 5.981877e-01	 1.440713e-02	 
 1.529928e-02	 2.663750e-02	 2.176753e-03	 1.440713e-02	 1	 1	 1.678895e-02	 9.736903e-02	 1.109863e+00	 36	 59	 1	 8.581314e-01	 1.440713e-02	 
 1.529928e-02	 2.663750e-02	 2.176753e-03	 1.440713e-02	 1	 1	 1.760863e-02	 1.509455e-01	 1.109863e+00	 36	 59	 1	 8.181854e-01	 1.440713e-02	 
 1.529928e-02	 2.663750e-02	 2.176753e-03	 1.440713e-02	 1	 1	 2.348124e-02	 5.347939e-01	 1.109863e+00	 36	 59	 1	 6.135591e-01	 1.440713e-02	 
 1.529928e-02	 2.663750e-02	 2.176753e-03	 1.440713e-02	 1	 1	 2.341338e-02	 5.303587e-01	 1.109863e+00	 36	 59	 1	 6.153373e-01	 1.440713e-02	 
 1.529928e-02	 2.663750e-02	 2.176753e-03	 1.440713e-02	 1	 1	 1.853757e-02	 2.116630e-01	 1.109863e+00	 36	 59	 1	 7.771854e-01	 1.440713e-02	 
 1.529928e-02	 2.663750e-02	 2.176753e-03	 1.440713e-02	 1	 1	 1.930744e-02	 2.619838e-01	 1.109863e+00	 36	 59	 1	 7.461956e-01	 1.440713e-02	 
 1.529928e-02	 2.663750e-02	 2.176753e-03	 1.440713e-02	 1	 1	 1.639391e-02	 7.154811e-02	 1.109863e+00	 36	 59	 1	 8.788096e-01	 1.440713e-02	 
 1.529928e-02	 2.663750e-02	 2.176753e-03	 1.440713e-02	 1	 0	 1.473318e-02	 3.700175e-02	 1.109863e+00	 36	 59	 1	 9.778697e-01	 1.440713e-02	 
 1.529928e-02	 2.663750e-02	 2.176753e-03	 1.440713e-02	 1	 1	 2.580045e-02	 6.863834e-01	 1.109863e+00	 36	 59	 1	 5.584061e-01	 1.440713e-02	 
 1.529928e-02	 2.663750e-02	 2.176753e-03	 1.440713e-02	 1	 1	 1.993117e-02	 3.027522e-01	 1.109863e+00	 36	 59	 1	 7.228441e-01	 1.440713e-02	 
 1.529928e-02	 2.663750e-02	 2.176753e-03	 1.440713e-02	 1	 1	 2.220883e-02	 4.516263e-01	 1.109863e+00	 36	 59	 1	 6.487116e-01	 1.440713e-02	 
 1.529928e-02	 2.663750e-02	 2.176753e-03	 1.440713e-02	 1	 1	 2.462753e-02	 6.097187e-01	 1.109863e+00	 36	 59	 1	 5.850008e-01	 1.440713e-02	 
