1.061371e-01	 6.771258e-01	 8.237774e-06	 1.878606e-01	 2.886822e-02	 5.922897e+00	 
 1.061280e-01	 6.771370e-01	 2.356203e-05	 1.878615e-01	 2.884996e-02	 6.296146e+00	 
 1.061342e-01	 6.771294e-01	 1.316870e-05	 1.878609e-01	 2.886234e-02	 5.454218e+00	 
 1.060854e-01	 6.771893e-01	 9.476011e-05	 1.878656e-01	 2.876504e-02	 5.017546e+00	 
 1.061232e-01	 6.771429e-01	 3.148921e-05	 1.878620e-01	 2.884050e-02	 6.008626e+00	 
 1.061092e-01	 6.771601e-01	 5.501516e-05	 1.878633e-01	 2.881243e-02	 6.328832e+00	 
 1.061071e-01	 6.771626e-01	 5.843073e-05	 1.878635e-01	 2.880835e-02	 5.719343e+00	 
 1.060553e-01	 6.772263e-01	 1.451225e-04	 1.878684e-01	 2.870495e-02	 5.526458e+00	 
 1.061342e-01	 6.771294e-01	 1.319291e-05	 1.878609e-01	 2.886231e-02	 5.452387e+00	 
 1.059105e-01	 6.774039e-01	 3.871385e-04	 1.878822e-01	 2.841626e-02	 4.698716e+00	 
 1.061279e-01	 6.771371e-01	 2.370201e-05	 1.878615e-01	 2.884979e-02	 6.290252e+00	 
 1.060753e-01	 6.772017e-01	 1.116084e-04	 1.878665e-01	 2.874493e-02	 5.353667e+00	 
 1.060857e-01	 6.771890e-01	 9.431539e-05	 1.878655e-01	 2.876557e-02	 4.994552e+00	 
 1.061257e-01	 6.771398e-01	 2.738926e-05	 1.878617e-01	 2.884539e-02	 6.073127e+00	 
 1.060747e-01	 6.772024e-01	 1.125663e-04	 1.878666e-01	 2.874377e-02	 4.624144e+00	 
 1.060999e-01	 6.771715e-01	 7.052200e-05	 1.878642e-01	 2.879393e-02	 6.241110e+00	 
 1.061181e-01	 6.771492e-01	 4.007425e-05	 1.878624e-01	 2.883026e-02	 6.359778e+00	 
 1.061302e-01	 6.771343e-01	 1.978918e-05	 1.878613e-01	 2.885446e-02	 6.470006e+00	 
 1.061055e-01	 6.771646e-01	 6.114872e-05	 1.878636e-01	 2.880512e-02	 6.383568e+00	 
 1.060113e-01	 6.772802e-01	 2.185678e-04	 1.878726e-01	 2.861734e-02	 4.836867e+00	 
 1.060995e-01	 6.771720e-01	 7.117021e-05	 1.878642e-01	 2.879316e-02	 6.231976e+00	 
 1.061035e-01	 6.771670e-01	 6.440982e-05	 1.878638e-01	 2.880123e-02	 5.887587e+00	 
 1.061312e-01	 6.771331e-01	 1.818126e-05	 1.878612e-01	 2.885638e-02	 6.479592e+00	 
 1.060764e-01	 6.772003e-01	 1.097959e-04	 1.878664e-01	 2.874708e-02	 4.625231e+00	 
 1.061151e-01	 6.771529e-01	 4.515932e-05	 1.878627e-01	 2.882420e-02	 5.656562e+00	 
 1.061108e-01	 6.771581e-01	 5.232432e-05	 1.878631e-01	 2.881564e-02	 5.829145e+00	 
 1.061338e-01	 6.771299e-01	 1.380204e-05	 1.878610e-01	 2.886159e-02	 6.036495e+00	 
 1.060474e-01	 6.772359e-01	 1.582045e-04	 1.878692e-01	 2.868934e-02	 5.284707e+00	 
 1.061100e-01	 6.771591e-01	 5.361566e-05	 1.878632e-01	 2.881410e-02	 6.069591e+00	 
 1.060786e-01	 6.771976e-01	 1.060743e-04	 1.878662e-01	 2.875152e-02	 4.626794e+00	 
 1.061220e-01	 6.771443e-01	 3.347837e-05	 1.878621e-01	 2.883813e-02	 5.948257e+00	 
 1.061181e-01	 6.771491e-01	 4.006277e-05	 1.878624e-01	 2.883027e-02	 6.360064e+00	 
 1.061233e-01	 6.771428e-01	 3.136926e-05	 1.878620e-01	 2.884064e-02	 6.339985e+00	 
 1.061340e-01	 6.771296e-01	 1.343653e-05	 1.878609e-01	 2.886202e-02	 5.434142e+00	 
 1.061045e-01	 6.771659e-01	 6.283119e-05	 1.878637e-01	 2.880311e-02	 6.196083e+00	 
 1.061229e-01	 6.771433e-01	 3.209496e-05	 1.878620e-01	 2.883978e-02	 5.989831e+00	 
 1.061205e-01	 6.771462e-01	 3.607498e-05	 1.878622e-01	 2.883503e-02	 6.464809e+00	 
 1.060961e-01	 6.771761e-01	 7.678194e-05	 1.878645e-01	 2.878646e-02	 5.449194e+00	 
 