alturaRetangulo	 maximoAltura	 minimoAltura	 presenteMetade	 p	 pV	 novaAltura***	 variacPercAlt	 percentAltur	 s	 e	 pp	 comparatMet	 metaAltura***	 novoComparaMetade
1.000000e-05	 1.000000e-05	 1.000000e-05	 1.000000e-05	 1	 1	 1.000000e-05	 1.000000e-05	 1.000000e-05	 1	 1	 1	 1.000000e-05	 1.000000e-05	 1.000000e-05	 
 1.205351e+00	 1.335179e+00	 1.172205e-06	 6.675899e-01	 1	 0	 1.130959e+00	 6.171812e-02	 1.900554e+00	 39	 53	 1	 5.902865e-01	 6.675899e-01	 
 1.205351e+00	 1.335179e+00	 1.172205e-06	 6.675899e-01	 1	 0	 9.080001e-01	 2.466925e-01	 1.900554e+00	 39	 53	 1	 7.352311e-01	 6.675899e-01	 
 1.205351e+00	 1.335179e+00	 1.172205e-06	 6.675899e-01	 1	 1	 1.251142e+00	 3.798927e-02	 1.900554e+00	 39	 53	 1	 5.335846e-01	 6.675899e-01	 
 1.205351e+00	 1.335179e+00	 1.172205e-06	 6.675899e-01	 1	 0	 1.084565e+00	 1.002082e-01	 1.900554e+00	 39	 53	 1	 6.155369e-01	 6.675899e-01	 
 1.205351e+00	 1.335179e+00	 1.172205e-06	 6.675899e-01	 1	 0	 7.387148e-01	 3.871372e-01	 1.900554e+00	 39	 53	 1	 9.037180e-01	 6.675899e-01	 
 1.205351e+00	 1.335179e+00	 1.172205e-06	 6.675899e-01	 1	 0	 1.007427e+00	 1.642043e-01	 1.900554e+00	 39	 53	 1	 6.626681e-01	 6.675899e-01	 
 1.205351e+00	 1.335179e+00	 1.172205e-06	 6.675899e-01	 1	 0	 7.727876e-01	 3.588693e-01	 1.900554e+00	 39	 53	 1	 8.638724e-01	 6.675899e-01	 
 1.205351e+00	 1.335179e+00	 1.172205e-06	 6.675899e-01	 1	 0	 1.074213e+00	 1.087965e-01	 1.900554e+00	 39	 53	 1	 6.214688e-01	 6.675899e-01	 
 1.205351e+00	 1.335179e+00	 1.172205e-06	 6.675899e-01	 1	 0	 1.130945e+00	 6.172972e-02	 1.900554e+00	 39	 53	 1	 5.902938e-01	 6.675899e-01	 
 1.205351e+00	 1.335179e+00	 1.172205e-06	 6.675899e-01	 1	 0	 1.160142e+00	 3.750715e-02	 1.900554e+00	 39	 53	 1	 5.754382e-01	 6.675899e-01	 
 1.205351e+00	 1.335179e+00	 1.172205e-06	 6.675899e-01	 1	 0	 1.099720e+00	 8.763530e-02	 1.900554e+00	 39	 53	 1	 6.070545e-01	 6.675899e-01	 
 1.205351e+00	 1.335179e+00	 1.172205e-06	 6.675899e-01	 1	 0	 8.710373e-01	 2.773581e-01	 1.900554e+00	 39	 53	 1	 7.664309e-01	 6.675899e-01	 
 1.205351e+00	 1.335179e+00	 1.172205e-06	 6.675899e-01	 1	 0	 1.119338e+00	 7.135925e-02	 1.900554e+00	 39	 53	 1	 5.964148e-01	 6.675899e-01	 
 1.205351e+00	 1.335179e+00	 1.172205e-06	 6.675899e-01	 1	 0	 9.574602e-01	 2.056587e-01	 1.900554e+00	 39	 53	 1	 6.972508e-01	 6.675899e-01	 
 1.205351e+00	 1.335179e+00	 1.172205e-06	 6.675899e-01	 1	 0	 1.154567e+00	 4.213209e-02	 1.900554e+00	 39	 53	 1	 5.782166e-01	 6.675899e-01	 
 1.205351e+00	 1.335179e+00	 1.172205e-06	 6.675899e-01	 1	 1	 1.280929e+00	 6.270169e-02	 1.900554e+00	 39	 53	 1	 5.211765e-01	 6.675899e-01	 
 1.205351e+00	 1.335179e+00	 1.172205e-06	 6.675899e-01	 1	 1	 1.227923e+00	 1.872668e-02	 1.900554e+00	 39	 53	 1	 5.436739e-01	 6.675899e-01	 
 1.205351e+00	 1.335179e+00	 1.172205e-06	 6.675899e-01	 1	 1	 1.258739e+00	 4.429230e-02	 1.900554e+00	 39	 53	 1	 5.303641e-01	 6.675899e-01	 
 1.205351e+00	 1.335179e+00	 1.172205e-06	 6.675899e-01	 1	 0	 1.030642e+00	 1.449445e-01	 1.900554e+00	 39	 53	 1	 6.477417e-01	 6.675899e-01	 
 1.205351e+00	 1.335179e+00	 1.172205e-06	 6.675899e-01	 1	 0	 1.181537e+00	 1.975681e-02	 1.900554e+00	 39	 53	 1	 5.650181e-01	 6.675899e-01	 
 1.205351e+00	 1.335179e+00	 1.172205e-06	 6.675899e-01	 1	 0	 1.000864e+00	 1.696491e-01	 1.900554e+00	 39	 53	 1	 6.670133e-01	 6.675899e-01	 
 1.205351e+00	 1.335179e+00	 1.172205e-06	 6.675899e-01	 1	 1	 1.282129e+00	 6.369711e-02	 1.900554e+00	 39	 53	 1	 5.206887e-01	 6.675899e-01	 
 1.205351e+00	 1.335179e+00	 1.172205e-06	 6.675899e-01	 1	 0	 1.130340e+00	 6.223201e-02	 1.900554e+00	 39	 53	 1	 5.906100e-01	 6.675899e-01	 
 1.205351e+00	 1.335179e+00	 1.172205e-06	 6.675899e-01	 1	 0	 1.027601e+00	 1.474672e-01	 1.900554e+00	 39	 53	 1	 6.496584e-01	 6.675899e-01	 
 1.205351e+00	 1.335179e+00	 1.172205e-06	 6.675899e-01	 1	 0	 9.165584e-01	 2.395922e-01	 1.900554e+00	 39	 53	 1	 7.283659e-01	 6.675899e-01	 
 1.205351e+00	 1.335179e+00	 1.172205e-06	 6.675899e-01	 1	 0	 9.056978e-01	 2.486026e-01	 1.900554e+00	 39	 53	 1	 7.371001e-01	 6.675899e-01	 
 1.205351e+00	 1.335179e+00	 1.172205e-06	 6.675899e-01	 1	 0	 1.177217e+00	 2.334111e-02	 1.900554e+00	 39	 53	 1	 5.670917e-01	 6.675899e-01	 
 1.205351e+00	 1.335179e+00	 1.172205e-06	 6.675899e-01	 1	 1	 1.213693e+00	 6.920340e-03	 1.900554e+00	 39	 53	 1	 5.500486e-01	 6.675899e-01	 
 1.205351e+00	 1.335179e+00	 1.172205e-06	 6.675899e-01	 1	 1	 1.305588e+00	 8.315950e-02	 1.900554e+00	 39	 53	 1	 5.113329e-01	 6.675899e-01	 
 1.205351e+00	 1.335179e+00	 1.172205e-06	 6.675899e-01	 1	 0	 7.344317e-01	 3.906907e-01	 1.900554e+00	 39	 53	 1	 9.089884e-01	 6.675899e-01	 
 1.205351e+00	 1.335179e+00	 1.172205e-06	 6.675899e-01	 1	 0	 7.610544e-01	 3.686036e-01	 1.900554e+00	 39	 53	 1	 8.771908e-01	 6.675899e-01	 
 1.205351e+00	 1.335179e+00	 1.172205e-06	 6.675899e-01	 1	 1	 1.231404e+00	 2.161400e-02	 1.900554e+00	 39	 53	 1	 5.421374e-01	 6.675899e-01	 
 1.205351e+00	 1.335179e+00	 1.172205e-06	 6.675899e-01	 1	 0	 1.068646e+00	 1.134151e-01	 1.900554e+00	 39	 53	 1	 6.247062e-01	 6.675899e-01	 
 1.205351e+00	 1.335179e+00	 1.172205e-06	 6.675899e-01	 1	 0	 7.615499e-01	 3.681925e-01	 1.900554e+00	 39	 53	 1	 8.766200e-01	 6.675899e-01	 
 1.205351e+00	 1.335179e+00	 1.172205e-06	 6.675899e-01	 1	 0	 1.159284e+00	 3.821871e-02	 1.900554e+00	 39	 53	 1	 5.758639e-01	 6.675899e-01	 
 1.205351e+00	 1.335179e+00	 1.172205e-06	 6.675899e-01	 1	 0	 1.092260e+00	 9.382406e-02	 1.900554e+00	 39	 53	 1	 6.112004e-01	 6.675899e-01	 
 1.205351e+00	 1.335179e+00	 1.172205e-06	 6.675899e-01	 1	 1	 1.278235e+00	 6.046733e-02	 1.900554e+00	 39	 53	 1	 5.222746e-01	 6.675899e-01	 
 1.205351e+00	 1.335179e+00	 1.172205e-06	 6.675899e-01	 1	 0	 7.170161e-01	 4.051392e-01	 1.900554e+00	 39	 53	 1	 9.310668e-01	 6.675899e-01	 
 1.205351e+00	 1.335179e+00	 1.172205e-06	 6.675899e-01	 1	 0	 1.135613e+00	 5.785702e-02	 1.900554e+00	 39	 53	 1	 5.878674e-01	 6.675899e-01	 
 1.205351e+00	 1.335179e+00	 1.172205e-06	 6.675899e-01	 1	 0	 1.079830e+00	 1.041362e-01	 1.900554e+00	 39	 53	 1	 6.182358e-01	 6.675899e-01	 
 1.205351e+00	 1.335179e+00	 1.172205e-06	 6.675899e-01	 1	 0	 7.527990e-01	 3.754526e-01	 1.900554e+00	 39	 53	 1	 8.868103e-01	 6.675899e-01	 
 1.205351e+00	 1.335179e+00	 1.172205e-06	 6.675899e-01	 1	 0	 7.678536e-01	 3.629627e-01	 1.900554e+00	 39	 53	 1	 8.694234e-01	 6.675899e-01	 
 1.205351e+00	 1.335179e+00	 1.172205e-06	 6.675899e-01	 1	 0	 8.749666e-01	 2.740982e-01	 1.900554e+00	 39	 53	 1	 7.629890e-01	 6.675899e-01	 
 1.205351e+00	 1.335179e+00	 1.172205e-06	 6.675899e-01	 1	 1	 1.304588e+00	 8.233034e-02	 1.900554e+00	 39	 53	 1	 5.117246e-01	 6.675899e-01	 
 1.205351e+00	 1.335179e+00	 1.172205e-06	 6.675899e-01	 1	 1	 1.242266e+00	 3.062547e-02	 1.900554e+00	 39	 53	 1	 5.373971e-01	 6.675899e-01	 
 1.205351e+00	 1.335179e+00	 1.172205e-06	 6.675899e-01	 1	 0	 1.184255e+00	 1.750177e-02	 1.900554e+00	 39	 53	 1	 5.637212e-01	 6.675899e-01	 
 1.205351e+00	 1.335179e+00	 1.172205e-06	 6.675899e-01	 1	 0	 8.550072e-01	 2.906572e-01	 1.900554e+00	 39	 53	 1	 7.808003e-01	 6.675899e-01	 
 1.205351e+00	 1.335179e+00	 1.172205e-06	 6.675899e-01	 1	 0	 8.529579e-01	 2.923573e-01	 1.900554e+00	 39	 53	 1	 7.826762e-01	 6.675899e-01	 
 1.205351e+00	 1.335179e+00	 1.172205e-06	 6.675899e-01	 1	 0	 7.122642e-01	 4.090815e-01	 1.900554e+00	 39	 53	 1	 9.372784e-01	 6.675899e-01	 
 1.205351e+00	 1.335179e+00	 1.172205e-06	 6.675899e-01	 1	 0	 8.041736e-01	 3.328304e-01	 1.900554e+00	 39	 53	 1	 8.301564e-01	 6.675899e-01	 
 1.205351e+00	 1.335179e+00	 1.172205e-06	 6.675899e-01	 1	 0	 9.807491e-01	 1.863375e-01	 1.900554e+00	 39	 53	 1	 6.806939e-01	 6.675899e-01	 
 1.205351e+00	 1.335179e+00	 1.172205e-06	 6.675899e-01	 1	 0	 9.260310e-01	 2.317334e-01	 1.900554e+00	 39	 53	 1	 7.209153e-01	 6.675899e-01	 
 1.205351e+00	 1.335179e+00	 1.172205e-06	 6.675899e-01	 1	 0	 7.497663e-01	 3.779686e-01	 1.900554e+00	 39	 53	 1	 8.903973e-01	 6.675899e-01	 
 1.205351e+00	 1.335179e+00	 1.172205e-06	 6.675899e-01	 1	 0	 1.091592e+00	 9.437852e-02	 1.900554e+00	 39	 53	 1	 6.115746e-01	 6.675899e-01	 
 1.205351e+00	 1.335179e+00	 1.172205e-06	 6.675899e-01	 1	 0	 1.147892e+00	 4.766966e-02	 1.900554e+00	 39	 53	 1	 5.815788e-01	 6.675899e-01	 
 1.205351e+00	 1.335179e+00	 1.172205e-06	 6.675899e-01	 1	 0	 7.413749e-01	 3.849304e-01	 1.900554e+00	 39	 53	 1	 9.004755e-01	 6.675899e-01	 
 1.205351e+00	 1.335179e+00	 1.172205e-06	 6.675899e-01	 1	 0	 7.632990e-01	 3.667414e-01	 1.900554e+00	 39	 53	 1	 8.746113e-01	 6.675899e-01	 
 1.205351e+00	 1.335179e+00	 1.172205e-06	 6.675899e-01	 1	 0	 9.906891e-01	 1.780908e-01	 1.900554e+00	 39	 53	 1	 6.738641e-01	 6.675899e-01	 
 1.205351e+00	 1.335179e+00	 1.172205e-06	 6.675899e-01	 1	 0	 1.073249e+00	 1.095960e-01	 1.900554e+00	 39	 53	 1	 6.220268e-01	 6.675899e-01	 
 1.205351e+00	 1.335179e+00	 1.172205e-06	 6.675899e-01	 1	 0	 9.766555e-01	 1.897336e-01	 1.900554e+00	 39	 53	 1	 6.835469e-01	 6.675899e-01	 
 1.205351e+00	 1.335179e+00	 1.172205e-06	 6.675899e-01	 1	 1	 1.333276e+00	 1.061306e-01	 1.900554e+00	 39	 53	 1	 5.007140e-01	 6.675899e-01	 
 1.205351e+00	 1.335179e+00	 1.172205e-06	 6.675899e-01	 1	 0	 1.160235e+00	 3.743005e-02	 1.900554e+00	 39	 53	 1	 5.753921e-01	 6.675899e-01	 
 1.205351e+00	 1.335179e+00	 1.172205e-06	 6.675899e-01	 1	 1	 1.289254e+00	 6.960844e-02	 1.900554e+00	 39	 53	 1	 5.178111e-01	 6.675899e-01	 
 1.205351e+00	 1.335179e+00	 1.172205e-06	 6.675899e-01	 1	 0	 8.087921e-01	 3.289987e-01	 1.900554e+00	 39	 53	 1	 8.254159e-01	 6.675899e-01	 
 1.205351e+00	 1.335179e+00	 1.172205e-06	 6.675899e-01	 1	 0	 1.008603e+00	 1.632293e-01	 1.900554e+00	 39	 53	 1	 6.618959e-01	 6.675899e-01	 
 1.205351e+00	 1.335179e+00	 1.172205e-06	 6.675899e-01	 1	 1	 1.245848e+00	 3.359729e-02	 1.900554e+00	 39	 53	 1	 5.358519e-01	 6.675899e-01	 
 1.205351e+00	 1.335179e+00	 1.172205e-06	 6.675899e-01	 1	 0	 9.066081e-01	 2.478473e-01	 1.900554e+00	 39	 53	 1	 7.363600e-01	 6.675899e-01	 
 1.205351e+00	 1.335179e+00	 1.172205e-06	 6.675899e-01	 1	 0	 7.263931e-01	 3.973598e-01	 1.900554e+00	 39	 53	 1	 9.190477e-01	 6.675899e-01	 
 1.205351e+00	 1.335179e+00	 1.172205e-06	 6.675899e-01	 1	 0	 8.541120e-01	 2.913998e-01	 1.900554e+00	 39	 53	 1	 7.816187e-01	 6.675899e-01	 
 1.205351e+00	 1.335179e+00	 1.172205e-06	 6.675899e-01	 1	 0	 8.768828e-01	 2.725084e-01	 1.900554e+00	 39	 53	 1	 7.613217e-01	 6.675899e-01	 
 1.205351e+00	 1.335179e+00	 1.172205e-06	 6.675899e-01	 1	 1	 1.251247e+00	 3.807662e-02	 1.900554e+00	 39	 53	 1	 5.335397e-01	 6.675899e-01	 
 1.205351e+00	 1.335179e+00	 1.172205e-06	 6.675899e-01	 1	 0	 7.750117e-01	 3.570242e-01	 1.900554e+00	 39	 53	 1	 8.613933e-01	 6.675899e-01	 
 1.205351e+00	 1.335179e+00	 1.172205e-06	 6.675899e-01	 1	 0	 8.625402e-01	 2.844075e-01	 1.900554e+00	 39	 53	 1	 7.739812e-01	 6.675899e-01	 
 1.205351e+00	 1.335179e+00	 1.172205e-06	 6.675899e-01	 1	 0	 7.949667e-01	 3.404688e-01	 1.900554e+00	 39	 53	 1	 8.397709e-01	 6.675899e-01	 
 1.205351e+00	 1.335179e+00	 1.172205e-06	 6.675899e-01	 1	 0	 9.377271e-01	 2.220299e-01	 1.900554e+00	 39	 53	 1	 7.119234e-01	 6.675899e-01	 
 1.205351e+00	 1.335179e+00	 1.172205e-06	 6.675899e-01	 1	 0	 1.034544e+00	 1.417071e-01	 1.900554e+00	 39	 53	 1	 6.452985e-01	 6.675899e-01	 
 1.205351e+00	 1.335179e+00	 1.172205e-06	 6.675899e-01	 1	 1	 1.304833e+00	 8.253366e-02	 1.900554e+00	 39	 53	 1	 5.116285e-01	 6.675899e-01	 
 1.205351e+00	 1.335179e+00	 1.172205e-06	 6.675899e-01	 1	 0	 1.006307e+00	 1.651334e-01	 1.900554e+00	 39	 53	 1	 6.634055e-01	 6.675899e-01	 
 1.205351e+00	 1.335179e+00	 1.172205e-06	 6.675899e-01	 1	 0	 7.537278e-01	 3.746820e-01	 1.900554e+00	 39	 53	 1	 8.857175e-01	 6.675899e-01	 
 1.205351e+00	 1.335179e+00	 1.172205e-06	 6.675899e-01	 1	 0	 9.292139e-01	 2.290928e-01	 1.900554e+00	 39	 53	 1	 7.184459e-01	 6.675899e-01	 
 1.205351e+00	 1.335179e+00	 1.172205e-06	 6.675899e-01	 1	 0	 9.413777e-01	 2.190013e-01	 1.900554e+00	 39	 53	 1	 7.091626e-01	 6.675899e-01	 
 1.205351e+00	 1.335179e+00	 1.172205e-06	 6.675899e-01	 1	 0	 9.402767e-01	 2.199147e-01	 1.900554e+00	 39	 53	 1	 7.099930e-01	 6.675899e-01	 
 1.205351e+00	 1.335179e+00	 1.172205e-06	 6.675899e-01	 1	 0	 7.643241e-01	 3.658909e-01	 1.900554e+00	 39	 53	 1	 8.734382e-01	 6.675899e-01	 
 1.205351e+00	 1.335179e+00	 1.172205e-06	 6.675899e-01	 1	 0	 9.539638e-01	 2.085594e-01	 1.900554e+00	 39	 53	 1	 6.998063e-01	 6.675899e-01	 
 1.205351e+00	 1.335179e+00	 1.172205e-06	 6.675899e-01	 1	 0	 1.104122e+00	 8.398275e-02	 1.900554e+00	 39	 53	 1	 6.046339e-01	 6.675899e-01	 
 1.205351e+00	 1.335179e+00	 1.172205e-06	 6.675899e-01	 1	 1	 1.324823e+00	 9.911761e-02	 1.900554e+00	 39	 53	 1	 5.039089e-01	 6.675899e-01	 
 1.205351e+00	 1.335179e+00	 1.172205e-06	 6.675899e-01	 1	 0	 1.052410e+00	 1.268848e-01	 1.900554e+00	 39	 53	 1	 6.343437e-01	 6.675899e-01	 
 1.205351e+00	 1.335179e+00	 1.172205e-06	 6.675899e-01	 1	 1	 1.245424e+00	 3.324572e-02	 1.900554e+00	 39	 53	 1	 5.360343e-01	 6.675899e-01	 
 1.205351e+00	 1.335179e+00	 1.172205e-06	 6.675899e-01	 1	 0	 1.103693e+00	 8.433943e-02	 1.900554e+00	 39	 53	 1	 6.048695e-01	 6.675899e-01	 
 1.205351e+00	 1.335179e+00	 1.172205e-06	 6.675899e-01	 1	 0	 1.038775e+00	 1.381975e-01	 1.900554e+00	 39	 53	 1	 6.426706e-01	 6.675899e-01	 
 1.205351e+00	 1.335179e+00	 1.172205e-06	 6.675899e-01	 1	 0	 9.859854e-01	 1.819932e-01	 1.900554e+00	 39	 53	 1	 6.770789e-01	 6.675899e-01	 
 1.205351e+00	 1.335179e+00	 1.172205e-06	 6.675899e-01	 1	 1	 1.243680e+00	 3.179878e-02	 1.900554e+00	 39	 53	 1	 5.367860e-01	 6.675899e-01	 
 1.205351e+00	 1.335179e+00	 1.172205e-06	 6.675899e-01	 1	 0	 6.951703e-01	 4.232632e-01	 1.900554e+00	 39	 53	 1	 9.603256e-01	 6.675899e-01	 
 1.205351e+00	 1.335179e+00	 1.172205e-06	 6.675899e-01	 1	 0	 7.278752e-01	 3.961301e-01	 1.900554e+00	 39	 53	 1	 9.171763e-01	 6.675899e-01	 
 1.205351e+00	 1.335179e+00	 1.172205e-06	 6.675899e-01	 1	 0	 6.831052e-01	 4.332729e-01	 1.900554e+00	 39	 53	 1	 9.772871e-01	 6.675899e-01	 
 1.205351e+00	 1.335179e+00	 1.172205e-06	 6.675899e-01	 1	 0	 7.140889e-01	 4.075678e-01	 1.900554e+00	 39	 53	 1	 9.348835e-01	 6.675899e-01	 
 1.205351e+00	 1.335179e+00	 1.172205e-06	 6.675899e-01	 1	 0	 1.059129e+00	 1.213111e-01	 1.900554e+00	 39	 53	 1	 6.303199e-01	 6.675899e-01	 
 1.205351e+00	 1.335179e+00	 1.172205e-06	 6.675899e-01	 1	 0	 7.999354e-01	 3.363466e-01	 1.900554e+00	 39	 53	 1	 8.345548e-01	 6.675899e-01	 
 1.205351e+00	 1.335179e+00	 1.172205e-06	 6.675899e-01	 1	 0	 1.016799e+00	 1.564292e-01	 1.900554e+00	 39	 53	 1	 6.565603e-01	 6.675899e-01	 
 1.000000e-12	 1.000000e-12	 1.000000e-12	 1.000000e-12	 0	 0	 1.000000e-12	 1.000000e-12	 1.000000e-12	 0	 0	 0	 1.000000e-12	 1.000000e-12	 1.000000e-12	 
 1.000000e-05	 1.000000e-05	 1.000000e-05	 1.000000e-05	 1	 1	 1.000000e-05	 1.000000e-05	 1.000000e-05	 1	 1	 1	 1.000000e-05	 1.000000e-05	 1.000000e-05	 
 3.443462e-01	 9.347797e-01	 4.777044e-07	 4.673901e-01	 0	 0	 4.095870e-02	 8.810537e-01	 7.367427e-01	 30	 53	 0	 1.141125e+01	 4.673901e-01	 
 3.443462e-01	 9.347797e-01	 4.777044e-07	 4.673901e-01	 0	 1	 4.539378e-01	 3.182597e-01	 7.367427e-01	 30	 53	 0	 1.029635e+00	 4.673901e-01	 
 3.443462e-01	 9.347797e-01	 4.777044e-07	 4.673901e-01	 0	 0	 3.230002e-01	 6.199004e-02	 7.367427e-01	 30	 53	 0	 1.447027e+00	 4.673901e-01	 
 3.443462e-01	 9.347797e-01	 4.777044e-07	 4.673901e-01	 0	 0	 1.637145e-01	 5.245644e-01	 7.367427e-01	 30	 53	 0	 2.854910e+00	 4.673901e-01	 
 3.443462e-01	 9.347797e-01	 4.777044e-07	 4.673901e-01	 0	 0	 5.652428e-02	 8.358504e-01	 7.367427e-01	 30	 53	 0	 8.268838e+00	 4.673901e-01	 
 3.443462e-01	 9.347797e-01	 4.777044e-07	 4.673901e-01	 0	 0	 1.164409e-01	 6.618493e-01	 7.367427e-01	 30	 53	 0	 4.013968e+00	 4.673901e-01	 
 3.443462e-01	 9.347797e-01	 4.777044e-07	 4.673901e-01	 0	 1	 3.593055e-01	 4.344264e-02	 7.367427e-01	 30	 53	 0	 1.300815e+00	 4.673901e-01	 
 3.443462e-01	 9.347797e-01	 4.777044e-07	 4.673901e-01	 0	 0	 4.716803e-02	 8.630215e-01	 7.367427e-01	 30	 53	 0	 9.909044e+00	 4.673901e-01	 
 3.443462e-01	 9.347797e-01	 4.777044e-07	 4.673901e-01	 0	 0	 1.793826e-01	 4.790632e-01	 7.367427e-01	 30	 53	 0	 2.605548e+00	 4.673901e-01	 
 3.443462e-01	 9.347797e-01	 4.777044e-07	 4.673901e-01	 0	 1	 4.565914e-01	 3.259660e-01	 7.367427e-01	 30	 53	 0	 1.023651e+00	 4.673901e-01	 
 3.443462e-01	 9.347797e-01	 4.777044e-07	 4.673901e-01	 0	 0	 9.598952e-02	 7.212413e-01	 7.367427e-01	 30	 53	 0	 4.869179e+00	 4.673901e-01	 
 3.443462e-01	 9.347797e-01	 4.777044e-07	 4.673901e-01	 0	 1	 3.650474e-01	 6.011743e-02	 7.367427e-01	 30	 53	 0	 1.280354e+00	 4.673901e-01	 
 3.443462e-01	 9.347797e-01	 4.777044e-07	 4.673901e-01	 0	 0	 1.180524e-01	 6.571693e-01	 7.367427e-01	 30	 53	 0	 3.959173e+00	 4.673901e-01	 
 3.443462e-01	 9.347797e-01	 4.777044e-07	 4.673901e-01	 0	 0	 2.332705e-01	 3.225700e-01	 7.367427e-01	 30	 53	 0	 2.003640e+00	 4.673901e-01	 
 3.443462e-01	 9.347797e-01	 4.777044e-07	 4.673901e-01	 0	 0	 1.242253e-01	 6.392429e-01	 7.367427e-01	 30	 53	 0	 3.762438e+00	 4.673901e-01	 
 3.443462e-01	 9.347797e-01	 4.777044e-07	 4.673901e-01	 0	 0	 1.508863e-01	 5.618182e-01	 7.367427e-01	 30	 53	 0	 3.097632e+00	 4.673901e-01	 
 3.443462e-01	 9.347797e-01	 4.777044e-07	 4.673901e-01	 0	 1	 4.188577e-01	 2.163855e-01	 7.367427e-01	 30	 53	 0	 1.115868e+00	 4.673901e-01	 
 3.443462e-01	 9.347797e-01	 4.777044e-07	 4.673901e-01	 0	 1	 3.615611e-01	 4.999304e-02	 7.367427e-01	 30	 53	 0	 1.292700e+00	 4.673901e-01	 
 3.443462e-01	 9.347797e-01	 4.777044e-07	 4.673901e-01	 0	 0	 1.774716e-01	 4.846129e-01	 7.367427e-01	 30	 53	 0	 2.633605e+00	 4.673901e-01	 
 3.443462e-01	 9.347797e-01	 4.777044e-07	 4.673901e-01	 0	 0	 3.052117e-02	 9.113649e-01	 7.367427e-01	 30	 53	 0	 1.531364e+01	 4.673901e-01	 
 3.443462e-01	 9.347797e-01	 4.777044e-07	 4.673901e-01	 0	 1	 3.585825e-01	 4.134292e-02	 7.367427e-01	 30	 53	 0	 1.303438e+00	 4.673901e-01	 
 3.443462e-01	 9.347797e-01	 4.777044e-07	 4.673901e-01	 0	 0	 5.546144e-03	 9.838937e-01	 7.367427e-01	 30	 53	 0	 8.427298e+01	 4.673901e-01	 
 3.443462e-01	 9.347797e-01	 4.777044e-07	 4.673901e-01	 0	 0	 3.284905e-01	 4.604594e-02	 7.367427e-01	 30	 53	 0	 1.422842e+00	 4.673901e-01	 
 3.443462e-01	 9.347797e-01	 4.777044e-07	 4.673901e-01	 0	 0	 3.214437e-01	 6.651012e-02	 7.367427e-01	 30	 53	 0	 1.454034e+00	 4.673901e-01	 
 3.443462e-01	 9.347797e-01	 4.777044e-07	 4.673901e-01	 0	 0	 1.566079e-01	 5.452021e-01	 7.367427e-01	 30	 53	 0	 2.984460e+00	 4.673901e-01	 
 3.443462e-01	 9.347797e-01	 4.777044e-07	 4.673901e-01	 0	 0	 2.497497e-01	 2.747133e-01	 7.367427e-01	 30	 53	 0	 1.871434e+00	 4.673901e-01	 
 3.443462e-01	 9.347797e-01	 4.777044e-07	 4.673901e-01	 0	 0	 1.096391e-01	 6.816022e-01	 7.367427e-01	 30	 53	 0	 4.262988e+00	 4.673901e-01	 
 3.443462e-01	 9.347797e-01	 4.777044e-07	 4.673901e-01	 0	 0	 2.054646e-01	 4.033196e-01	 7.367427e-01	 30	 53	 0	 2.274796e+00	 4.673901e-01	 
 3.443462e-01	 9.347797e-01	 4.777044e-07	 4.673901e-01	 0	 1	 4.457865e-01	 2.945881e-01	 7.367427e-01	 30	 53	 0	 1.048462e+00	 4.673901e-01	 
 3.443462e-01	 9.347797e-01	 4.777044e-07	 4.673901e-01	 0	 1	 3.960995e-01	 1.502942e-01	 7.367427e-01	 30	 53	 0	 1.179982e+00	 4.673901e-01	 
 3.443462e-01	 9.347797e-01	 4.777044e-07	 4.673901e-01	 0	 1	 4.486513e-01	 3.029076e-01	 7.367427e-01	 30	 53	 0	 1.041767e+00	 4.673901e-01	 
 3.443462e-01	 9.347797e-01	 4.777044e-07	 4.673901e-01	 0	 0	 2.247541e-01	 3.473019e-01	 7.367427e-01	 30	 53	 0	 2.079562e+00	 4.673901e-01	 
 3.443462e-01	 9.347797e-01	 4.777044e-07	 4.673901e-01	 0	 0	 2.871914e-01	 1.659808e-01	 7.367427e-01	 30	 53	 0	 1.627452e+00	 4.673901e-01	 
 3.443462e-01	 9.347797e-01	 4.777044e-07	 4.673901e-01	 0	 0	 2.346064e-02	 9.318690e-01	 7.367427e-01	 30	 53	 0	 1.992231e+01	 4.673901e-01	 
 3.443462e-01	 9.347797e-01	 4.777044e-07	 4.673901e-01	 0	 0	 2.606274e-01	 2.431240e-01	 7.367427e-01	 30	 53	 0	 1.793327e+00	 4.673901e-01	 
 3.443462e-01	 9.347797e-01	 4.777044e-07	 4.673901e-01	 0	 0	 2.964855e-01	 1.389902e-01	 7.367427e-01	 30	 53	 0	 1.576435e+00	 4.673901e-01	 
 3.443462e-01	 9.347797e-01	 4.777044e-07	 4.673901e-01	 0	 0	 2.202008e-01	 3.605251e-01	 7.367427e-01	 30	 53	 0	 2.122563e+00	 4.673901e-01	 
 3.443462e-01	 9.347797e-01	 4.777044e-07	 4.673901e-01	 0	 0	 2.513409e-01	 2.700926e-01	 7.367427e-01	 30	 53	 0	 1.859587e+00	 4.673901e-01	 
 3.443462e-01	 9.347797e-01	 4.777044e-07	 4.673901e-01	 0	 0	 1.380291e-01	 5.991561e-01	 7.367427e-01	 30	 53	 0	 3.386171e+00	 4.673901e-01	 
 3.443462e-01	 9.347797e-01	 4.777044e-07	 4.673901e-01	 0	 0	 1.572509e-01	 5.433349e-01	 7.367427e-01	 30	 53	 0	 2.972257e+00	 4.673901e-01	 
 3.443462e-01	 9.347797e-01	 4.777044e-07	 4.673901e-01	 0	 1	 3.892499e-01	 1.304027e-01	 7.367427e-01	 30	 53	 0	 1.200746e+00	 4.673901e-01	 
 3.443462e-01	 9.347797e-01	 4.777044e-07	 4.673901e-01	 0	 0	 7.271222e-02	 7.888398e-01	 7.367427e-01	 30	 53	 0	 6.427944e+00	 4.673901e-01	 
 3.443462e-01	 9.347797e-01	 4.777044e-07	 4.673901e-01	 0	 0	 1.583893e-01	 5.400289e-01	 7.367427e-01	 30	 53	 0	 2.950894e+00	 4.673901e-01	 
 3.443462e-01	 9.347797e-01	 4.777044e-07	 4.673901e-01	 0	 0	 1.469239e-01	 5.733250e-01	 7.367427e-01	 30	 53	 0	 3.181171e+00	 4.673901e-01	 
 3.443462e-01	 9.347797e-01	 4.777044e-07	 4.673901e-01	 0	 1	 3.966271e-01	 1.518266e-01	 7.367427e-01	 30	 53	 0	 1.178412e+00	 4.673901e-01	 
 3.443462e-01	 9.347797e-01	 4.777044e-07	 4.673901e-01	 0	 0	 2.631039e-01	 2.359321e-01	 7.367427e-01	 30	 53	 0	 1.776447e+00	 4.673901e-01	 
 3.443462e-01	 9.347797e-01	 4.777044e-07	 4.673901e-01	 0	 0	 4.032144e-02	 8.829044e-01	 7.367427e-01	 30	 53	 0	 1.159160e+01	 4.673901e-01	 
 3.443462e-01	 9.347797e-01	 4.777044e-07	 4.673901e-01	 0	 1	 3.976875e-01	 1.549059e-01	 7.367427e-01	 30	 53	 0	 1.175270e+00	 4.673901e-01	 
 3.443462e-01	 9.347797e-01	 4.777044e-07	 4.673901e-01	 0	 0	 7.162167e-02	 7.920068e-01	 7.367427e-01	 30	 53	 0	 6.525820e+00	 4.673901e-01	 
 3.443462e-01	 9.347797e-01	 4.777044e-07	 4.673901e-01	 0	 1	 4.073779e-01	 1.830473e-01	 7.367427e-01	 30	 53	 0	 1.147313e+00	 4.673901e-01	 
 3.443462e-01	 9.347797e-01	 4.777044e-07	 4.673901e-01	 0	 0	 1.499538e-01	 5.645260e-01	 7.367427e-01	 30	 53	 0	 3.116893e+00	 4.673901e-01	 
 3.443462e-01	 9.347797e-01	 4.777044e-07	 4.673901e-01	 0	 0	 2.319620e-01	 3.263699e-01	 7.367427e-01	 30	 53	 0	 2.014943e+00	 4.673901e-01	 
 3.443462e-01	 9.347797e-01	 4.777044e-07	 4.673901e-01	 0	 0	 1.017993e-01	 7.043692e-01	 7.367427e-01	 30	 53	 0	 4.591288e+00	 4.673901e-01	 
 3.443462e-01	 9.347797e-01	 4.777044e-07	 4.673901e-01	 0	 1	 3.635688e-01	 5.582337e-02	 7.367427e-01	 30	 53	 0	 1.285562e+00	 4.673901e-01	 
 3.443462e-01	 9.347797e-01	 4.777044e-07	 4.673901e-01	 0	 0	 3.416856e-01	 7.726674e-03	 7.367427e-01	 30	 53	 0	 1.367895e+00	 4.673901e-01	 
 3.443462e-01	 9.347797e-01	 4.777044e-07	 4.673901e-01	 0	 1	 4.524053e-01	 3.138094e-01	 7.367427e-01	 30	 53	 0	 1.033123e+00	 4.673901e-01	 
 3.443462e-01	 9.347797e-01	 4.777044e-07	 4.673901e-01	 0	 0	 1.610633e-01	 5.322634e-01	 7.367427e-01	 30	 53	 0	 2.901903e+00	 4.673901e-01	 
 3.443462e-01	 9.347797e-01	 4.777044e-07	 4.673901e-01	 0	 0	 5.087459e-02	 8.522575e-01	 7.367427e-01	 30	 53	 0	 9.187103e+00	 4.673901e-01	 
 3.443462e-01	 9.347797e-01	 4.777044e-07	 4.673901e-01	 0	 0	 3.298661e-01	 4.205115e-02	 7.367427e-01	 30	 53	 0	 1.416909e+00	 4.673901e-01	 
 3.443462e-01	 9.347797e-01	 4.777044e-07	 4.673901e-01	 0	 0	 3.721967e-02	 8.919121e-01	 7.367427e-01	 30	 53	 0	 1.255761e+01	 4.673901e-01	 
 3.443462e-01	 9.347797e-01	 4.777044e-07	 4.673901e-01	 0	 0	 1.609401e-01	 5.326211e-01	 7.367427e-01	 30	 53	 0	 2.904124e+00	 4.673901e-01	 
 3.443462e-01	 9.347797e-01	 4.777044e-07	 4.673901e-01	 0	 0	 1.356099e-01	 6.061816e-01	 7.367427e-01	 30	 53	 0	 3.446578e+00	 4.673901e-01	 
 3.443462e-01	 9.347797e-01	 4.777044e-07	 4.673901e-01	 0	 0	 5.869886e-02	 8.295354e-01	 7.367427e-01	 30	 53	 0	 7.962508e+00	 4.673901e-01	 
 3.443462e-01	 9.347797e-01	 4.777044e-07	 4.673901e-01	 0	 0	 2.321992e-01	 3.256809e-01	 7.367427e-01	 30	 53	 0	 2.012884e+00	 4.673901e-01	 
 3.443462e-01	 9.347797e-01	 4.777044e-07	 4.673901e-01	 0	 1	 3.685607e-01	 7.032005e-02	 7.367427e-01	 30	 53	 0	 1.268150e+00	 4.673901e-01	 
 3.443462e-01	 9.347797e-01	 4.777044e-07	 4.673901e-01	 0	 0	 3.622060e-02	 8.948134e-01	 7.367427e-01	 30	 53	 0	 1.290399e+01	 4.673901e-01	 
 3.443462e-01	 9.347797e-01	 4.777044e-07	 4.673901e-01	 0	 0	 2.519781e-01	 2.682419e-01	 7.367427e-01	 30	 53	 0	 1.854884e+00	 4.673901e-01	 
 3.443462e-01	 9.347797e-01	 4.777044e-07	 4.673901e-01	 0	 1	 4.102063e-01	 1.912613e-01	 7.367427e-01	 30	 53	 0	 1.139402e+00	 4.673901e-01	 
 3.443462e-01	 9.347797e-01	 4.777044e-07	 4.673901e-01	 0	 0	 1.730238e-01	 4.975296e-01	 7.367427e-01	 30	 53	 0	 2.701305e+00	 4.673901e-01	 
 3.443462e-01	 9.347797e-01	 4.777044e-07	 4.673901e-01	 0	 0	 2.981292e-01	 1.342168e-01	 7.367427e-01	 30	 53	 0	 1.567744e+00	 4.673901e-01	 
 3.443462e-01	 9.347797e-01	 4.777044e-07	 4.673901e-01	 0	 0	 1.343512e-02	 9.609837e-01	 7.367427e-01	 30	 53	 0	 3.478869e+01	 4.673901e-01	 
 3.443462e-01	 9.347797e-01	 4.777044e-07	 4.673901e-01	 0	 0	 7.588171e-03	 9.779635e-01	 7.367427e-01	 30	 53	 0	 6.159456e+01	 4.673901e-01	 
 3.443462e-01	 9.347797e-01	 4.777044e-07	 4.673901e-01	 0	 0	 1.706038e-02	 9.504557e-01	 7.367427e-01	 30	 53	 0	 2.739623e+01	 4.673901e-01	 
 3.443462e-01	 9.347797e-01	 4.777044e-07	 4.673901e-01	 0	 0	 6.333547e-02	 8.160704e-01	 7.367427e-01	 30	 53	 0	 7.379595e+00	 4.673901e-01	 
 3.443462e-01	 9.347797e-01	 4.777044e-07	 4.673901e-01	 0	 0	 3.341496e-01	 2.961162e-02	 7.367427e-01	 30	 53	 0	 1.398745e+00	 4.673901e-01	 
 3.443462e-01	 9.347797e-01	 4.777044e-07	 4.673901e-01	 0	 0	 8.641022e-02	 7.490601e-01	 7.367427e-01	 30	 53	 0	 5.408968e+00	 4.673901e-01	 
 3.443462e-01	 9.347797e-01	 4.777044e-07	 4.673901e-01	 0	 1	 3.597860e-01	 4.483789e-02	 7.367427e-01	 30	 53	 0	 1.299078e+00	 4.673901e-01	 
 3.443462e-01	 9.347797e-01	 4.777044e-07	 4.673901e-01	 0	 0	 4.452921e-02	 8.706848e-01	 7.367427e-01	 30	 53	 0	 1.049626e+01	 4.673901e-01	 
 3.443462e-01	 9.347797e-01	 4.777044e-07	 4.673901e-01	 0	 1	 3.679754e-01	 6.862051e-02	 7.367427e-01	 30	 53	 0	 1.270167e+00	 4.673901e-01	 
 3.443462e-01	 9.347797e-01	 4.777044e-07	 4.673901e-01	 0	 0	 3.142924e-01	 8.727802e-02	 7.367427e-01	 30	 53	 0	 1.487119e+00	 4.673901e-01	 
 3.443462e-01	 9.347797e-01	 4.777044e-07	 4.673901e-01	 0	 0	 7.246434e-03	 9.789560e-01	 7.367427e-01	 30	 53	 0	 6.449932e+01	 4.673901e-01	 
 3.443462e-01	 9.347797e-01	 4.777044e-07	 4.673901e-01	 0	 0	 1.136275e-01	 6.700195e-01	 7.367427e-01	 30	 53	 0	 4.113352e+00	 4.673901e-01	 
 3.443462e-01	 9.347797e-01	 4.777044e-07	 4.673901e-01	 0	 1	 3.465633e-01	 6.438438e-03	 7.367427e-01	 30	 53	 0	 1.348643e+00	 4.673901e-01	 
 3.443462e-01	 9.347797e-01	 4.777044e-07	 4.673901e-01	 0	 0	 3.346428e-01	 2.817938e-02	 7.367427e-01	 30	 53	 0	 1.396684e+00	 4.673901e-01	 
 3.443462e-01	 9.347797e-01	 4.777044e-07	 4.673901e-01	 0	 1	 4.510516e-01	 3.098783e-01	 7.367427e-01	 30	 53	 0	 1.036223e+00	 4.673901e-01	 
 3.443462e-01	 9.347797e-01	 4.777044e-07	 4.673901e-01	 0	 0	 3.843791e-03	 9.888374e-01	 7.367427e-01	 30	 53	 0	 1.215961e+02	 4.673901e-01	 
 3.443462e-01	 9.347797e-01	 4.777044e-07	 4.673901e-01	 0	 0	 8.176295e-02	 7.625560e-01	 7.367427e-01	 30	 53	 0	 5.716404e+00	 4.673901e-01	 
 3.443462e-01	 9.347797e-01	 4.777044e-07	 4.673901e-01	 0	 0	 3.286815e-02	 9.045491e-01	 7.367427e-01	 30	 53	 0	 1.422015e+01	 4.673901e-01	 
 3.443462e-01	 9.347797e-01	 4.777044e-07	 4.673901e-01	 0	 0	 4.077750e-02	 8.815799e-01	 7.367427e-01	 30	 53	 0	 1.146196e+01	 4.673901e-01	 
 3.443462e-01	 9.347797e-01	 4.777044e-07	 4.673901e-01	 0	 1	 3.748349e-01	 8.854075e-02	 7.367427e-01	 30	 53	 0	 1.246923e+00	 4.673901e-01	 
 3.443462e-01	 9.347797e-01	 4.777044e-07	 4.673901e-01	 0	 0	 6.238083e-02	 8.188427e-01	 7.367427e-01	 30	 53	 0	 7.492527e+00	 4.673901e-01	 
 3.443462e-01	 9.347797e-01	 4.777044e-07	 4.673901e-01	 0	 0	 6.425515e-02	 8.133996e-01	 7.367427e-01	 30	 53	 0	 7.273971e+00	 4.673901e-01	 
 3.443462e-01	 9.347797e-01	 4.777044e-07	 4.673901e-01	 0	 1	 3.617255e-01	 5.047031e-02	 7.367427e-01	 30	 53	 0	 1.292113e+00	 4.673901e-01	 
 3.443462e-01	 9.347797e-01	 4.777044e-07	 4.673901e-01	 0	 0	 6.594356e-02	 8.084963e-01	 7.367427e-01	 30	 53	 0	 7.087729e+00	 4.673901e-01	 
 3.443462e-01	 9.347797e-01	 4.777044e-07	 4.673901e-01	 0	 0	 4.134352e-02	 8.799362e-01	 7.367427e-01	 30	 53	 0	 1.130504e+01	 4.673901e-01	 
 3.443462e-01	 9.347797e-01	 4.777044e-07	 4.673901e-01	 0	 1	 3.655857e-01	 6.168059e-02	 7.367427e-01	 30	 53	 0	 1.278469e+00	 4.673901e-01	 
 3.443462e-01	 9.347797e-01	 4.777044e-07	 4.673901e-01	 0	 0	 2.808891e-01	 1.842828e-01	 7.367427e-01	 30	 53	 0	 1.663966e+00	 4.673901e-01	 
 3.443462e-01	 9.347797e-01	 4.777044e-07	 4.673901e-01	 0	 0	 3.216706e-01	 6.585125e-02	 7.367427e-01	 30	 53	 0	 1.453008e+00	 4.673901e-01	 
 3.443462e-01	 9.347797e-01	 4.777044e-07	 4.673901e-01	 0	 0	 9.430782e-02	 7.261250e-01	 7.367427e-01	 30	 53	 0	 4.956006e+00	 4.673901e-01	 
 1.000000e-12	 1.000000e-12	 1.000000e-12	 1.000000e-12	 0	 0	 1.000000e-12	 1.000000e-12	 1.000000e-12	 0	 0	 0	 1.000000e-12	 1.000000e-12	 1.000000e-12	 
 1.000000e-05	 1.000000e-05	 1.000000e-05	 1.000000e-05	 1	 1	 1.000000e-05	 1.000000e-05	 1.000000e-05	 1	 1	 1	 1.000000e-05	 1.000000e-05	 1.000000e-05	 
 1.205351e+00	 1.335179e+00	 1.172205e-06	 6.675899e-01	 1	 0	 8.210904e-01	 3.187957e-01	 1.900554e+00	 39	 53	 1	 8.130528e-01	 6.675899e-01	 
 1.205351e+00	 1.335179e+00	 1.172205e-06	 6.675899e-01	 1	 1	 1.284897e+00	 6.599398e-02	 1.900554e+00	 39	 53	 1	 5.195668e-01	 6.675899e-01	 
 1.205351e+00	 1.335179e+00	 1.172205e-06	 6.675899e-01	 1	 0	 9.391231e-01	 2.208717e-01	 1.900554e+00	 39	 53	 1	 7.108651e-01	 6.675899e-01	 
 1.205351e+00	 1.335179e+00	 1.172205e-06	 6.675899e-01	 1	 0	 7.453303e-01	 3.816488e-01	 1.900554e+00	 39	 53	 1	 8.956967e-01	 6.675899e-01	 
 1.205351e+00	 1.335179e+00	 1.172205e-06	 6.675899e-01	 1	 0	 1.051478e+00	 1.276586e-01	 1.900554e+00	 39	 53	 1	 6.349063e-01	 6.675899e-01	 
 1.205351e+00	 1.335179e+00	 1.172205e-06	 6.675899e-01	 1	 0	 7.931557e-01	 3.419713e-01	 1.900554e+00	 39	 53	 1	 8.416883e-01	 6.675899e-01	 
 1.205351e+00	 1.335179e+00	 1.172205e-06	 6.675899e-01	 1	 0	 1.095822e+00	 9.086893e-02	 1.900554e+00	 39	 53	 1	 6.092137e-01	 6.675899e-01	 
 1.205351e+00	 1.335179e+00	 1.172205e-06	 6.675899e-01	 1	 0	 7.683697e-01	 3.625346e-01	 1.900554e+00	 39	 53	 1	 8.688394e-01	 6.675899e-01	 
 1.205351e+00	 1.335179e+00	 1.172205e-06	 6.675899e-01	 1	 0	 8.650438e-01	 2.823305e-01	 1.900554e+00	 39	 53	 1	 7.717412e-01	 6.675899e-01	 
 1.205351e+00	 1.335179e+00	 1.172205e-06	 6.675899e-01	 1	 0	 7.796434e-01	 3.531815e-01	 1.900554e+00	 39	 53	 1	 8.562759e-01	 6.675899e-01	 
 1.205351e+00	 1.335179e+00	 1.172205e-06	 6.675899e-01	 1	 0	 1.014264e+00	 1.585324e-01	 1.900554e+00	 39	 53	 1	 6.582013e-01	 6.675899e-01	 
 1.205351e+00	 1.335179e+00	 1.172205e-06	 6.675899e-01	 1	 0	 8.729471e-01	 2.757736e-01	 1.900554e+00	 39	 53	 1	 7.647541e-01	 6.675899e-01	 
 1.205351e+00	 1.335179e+00	 1.172205e-06	 6.675899e-01	 1	 0	 1.178910e+00	 2.193631e-02	 1.900554e+00	 39	 53	 1	 5.662771e-01	 6.675899e-01	 
 1.205351e+00	 1.335179e+00	 1.172205e-06	 6.675899e-01	 1	 0	 7.931967e-01	 3.419373e-01	 1.900554e+00	 39	 53	 1	 8.416449e-01	 6.675899e-01	 
 1.205351e+00	 1.335179e+00	 1.172205e-06	 6.675899e-01	 1	 0	 1.098200e+00	 8.889579e-02	 1.900554e+00	 39	 53	 1	 6.078944e-01	 6.675899e-01	 
 1.205351e+00	 1.335179e+00	 1.172205e-06	 6.675899e-01	 1	 0	 8.378317e-01	 3.049065e-01	 1.900554e+00	 39	 53	 1	 7.968067e-01	 6.675899e-01	 
 1.205351e+00	 1.335179e+00	 1.172205e-06	 6.675899e-01	 1	 0	 7.341278e-01	 3.909428e-01	 1.900554e+00	 39	 53	 1	 9.093646e-01	 6.675899e-01	 
 1.205351e+00	 1.335179e+00	 1.172205e-06	 6.675899e-01	 1	 0	 8.428864e-01	 3.007130e-01	 1.900554e+00	 39	 53	 1	 7.920283e-01	 6.675899e-01	 
 1.205351e+00	 1.335179e+00	 1.172205e-06	 6.675899e-01	 1	 0	 1.086294e+00	 9.877420e-02	 1.900554e+00	 39	 53	 1	 6.145575e-01	 6.675899e-01	 
 1.205351e+00	 1.335179e+00	 1.172205e-06	 6.675899e-01	 1	 0	 8.929946e-01	 2.591415e-01	 1.900554e+00	 39	 53	 1	 7.475856e-01	 6.675899e-01	 
 1.205351e+00	 1.335179e+00	 1.172205e-06	 6.675899e-01	 1	 0	 8.818570e-01	 2.683816e-01	 1.900554e+00	 39	 53	 1	 7.570273e-01	 6.675899e-01	 
 1.205351e+00	 1.335179e+00	 1.172205e-06	 6.675899e-01	 1	 0	 1.065057e+00	 1.163926e-01	 1.900554e+00	 39	 53	 1	 6.268113e-01	 6.675899e-01	 
 1.205351e+00	 1.335179e+00	 1.172205e-06	 6.675899e-01	 1	 1	 1.220894e+00	 1.289476e-02	 1.900554e+00	 39	 53	 1	 5.468042e-01	 6.675899e-01	 
 1.205351e+00	 1.335179e+00	 1.172205e-06	 6.675899e-01	 1	 0	 1.180943e+00	 2.025017e-02	 1.900554e+00	 39	 53	 1	 5.653026e-01	 6.675899e-01	 
 1.205351e+00	 1.335179e+00	 1.172205e-06	 6.675899e-01	 1	 0	 7.597308e-01	 3.697017e-01	 1.900554e+00	 39	 53	 1	 8.787190e-01	 6.675899e-01	 
 1.205351e+00	 1.335179e+00	 1.172205e-06	 6.675899e-01	 1	 0	 7.502593e-01	 3.775596e-01	 1.900554e+00	 39	 53	 1	 8.898122e-01	 6.675899e-01	 
 1.205351e+00	 1.335179e+00	 1.172205e-06	 6.675899e-01	 1	 0	 6.915567e-01	 4.262612e-01	 1.900554e+00	 39	 53	 1	 9.653436e-01	 6.675899e-01	 
 1.205351e+00	 1.335179e+00	 1.172205e-06	 6.675899e-01	 1	 0	 8.449732e-01	 2.989817e-01	 1.900554e+00	 39	 53	 1	 7.900722e-01	 6.675899e-01	 
 1.205351e+00	 1.335179e+00	 1.172205e-06	 6.675899e-01	 1	 1	 1.208051e+00	 2.239675e-03	 1.900554e+00	 39	 53	 1	 5.526174e-01	 6.675899e-01	 
 1.205351e+00	 1.335179e+00	 1.172205e-06	 6.675899e-01	 1	 0	 1.069088e+00	 1.130484e-01	 1.900554e+00	 39	 53	 1	 6.244479e-01	 6.675899e-01	 
 1.205351e+00	 1.335179e+00	 1.172205e-06	 6.675899e-01	 1	 1	 1.208697e+00	 2.776069e-03	 1.900554e+00	 39	 53	 1	 5.523218e-01	 6.675899e-01	 
 1.205351e+00	 1.335179e+00	 1.172205e-06	 6.675899e-01	 1	 0	 8.027977e-01	 3.339719e-01	 1.900554e+00	 39	 53	 1	 8.315792e-01	 6.675899e-01	 
 1.205351e+00	 1.335179e+00	 1.172205e-06	 6.675899e-01	 1	 0	 9.363751e-01	 2.231516e-01	 1.900554e+00	 39	 53	 1	 7.129514e-01	 6.675899e-01	 
 1.205351e+00	 1.335179e+00	 1.172205e-06	 6.675899e-01	 1	 0	 7.766862e-01	 3.556349e-01	 1.900554e+00	 39	 53	 1	 8.595362e-01	 6.675899e-01	 
 1.205351e+00	 1.335179e+00	 1.172205e-06	 6.675899e-01	 1	 0	 8.935596e-01	 2.586727e-01	 1.900554e+00	 39	 53	 1	 7.471128e-01	 6.675899e-01	 
 1.205351e+00	 1.335179e+00	 1.172205e-06	 6.675899e-01	 1	 0	 9.736641e-01	 1.922154e-01	 1.900554e+00	 39	 53	 1	 6.856470e-01	 6.675899e-01	 
 1.205351e+00	 1.335179e+00	 1.172205e-06	 6.675899e-01	 1	 1	 1.226368e+00	 1.743628e-02	 1.900554e+00	 39	 53	 1	 5.443634e-01	 6.675899e-01	 
 1.205351e+00	 1.335179e+00	 1.172205e-06	 6.675899e-01	 1	 0	 7.903876e-01	 3.442677e-01	 1.900554e+00	 39	 53	 1	 8.446361e-01	 6.675899e-01	 
 1.205351e+00	 1.335179e+00	 1.172205e-06	 6.675899e-01	 1	 1	 1.208444e+00	 2.565629e-03	 1.900554e+00	 39	 53	 1	 5.524378e-01	 6.675899e-01	 
 1.205351e+00	 1.335179e+00	 1.172205e-06	 6.675899e-01	 1	 0	 1.056731e+00	 1.233004e-01	 1.900554e+00	 39	 53	 1	 6.317501e-01	 6.675899e-01	 
 1.205351e+00	 1.335179e+00	 1.172205e-06	 6.675899e-01	 1	 0	 8.305680e-01	 3.109327e-01	 1.900554e+00	 39	 53	 1	 8.037751e-01	 6.675899e-01	 
 1.205351e+00	 1.335179e+00	 1.172205e-06	 6.675899e-01	 1	 0	 7.684493e-01	 3.624685e-01	 1.900554e+00	 39	 53	 1	 8.687494e-01	 6.675899e-01	 
 1.205351e+00	 1.335179e+00	 1.172205e-06	 6.675899e-01	 1	 0	 9.638538e-01	 2.003543e-01	 1.900554e+00	 39	 53	 1	 6.926257e-01	 6.675899e-01	 
 1.205351e+00	 1.335179e+00	 1.172205e-06	 6.675899e-01	 1	 0	 1.165568e+00	 3.300557e-02	 1.900554e+00	 39	 53	 1	 5.727594e-01	 6.675899e-01	 
 1.205351e+00	 1.335179e+00	 1.172205e-06	 6.675899e-01	 1	 0	 9.339132e-01	 2.251941e-01	 1.900554e+00	 39	 53	 1	 7.148308e-01	 6.675899e-01	 
 1.205351e+00	 1.335179e+00	 1.172205e-06	 6.675899e-01	 1	 0	 1.184846e+00	 1.701161e-02	 1.900554e+00	 39	 53	 1	 5.634401e-01	 6.675899e-01	 
 1.205351e+00	 1.335179e+00	 1.172205e-06	 6.675899e-01	 1	 0	 8.838912e-01	 2.666940e-01	 1.900554e+00	 39	 53	 1	 7.552851e-01	 6.675899e-01	 
 1.205351e+00	 1.335179e+00	 1.172205e-06	 6.675899e-01	 1	 0	 7.253504e-01	 3.982248e-01	 1.900554e+00	 39	 53	 1	 9.203689e-01	 6.675899e-01	 
 1.205351e+00	 1.335179e+00	 1.172205e-06	 6.675899e-01	 1	 1	 1.232154e+00	 2.223648e-02	 1.900554e+00	 39	 53	 1	 5.418072e-01	 6.675899e-01	 
 1.205351e+00	 1.335179e+00	 1.172205e-06	 6.675899e-01	 1	 0	 1.124550e+00	 6.703533e-02	 1.900554e+00	 39	 53	 1	 5.936507e-01	 6.675899e-01	 
 1.205351e+00	 1.335179e+00	 1.172205e-06	 6.675899e-01	 1	 0	 1.083366e+00	 1.012029e-01	 1.900554e+00	 39	 53	 1	 6.162182e-01	 6.675899e-01	 
 1.205351e+00	 1.335179e+00	 1.172205e-06	 6.675899e-01	 1	 0	 1.065502e+00	 1.160235e-01	 1.900554e+00	 39	 53	 1	 6.265496e-01	 6.675899e-01	 
 1.205351e+00	 1.335179e+00	 1.172205e-06	 6.675899e-01	 1	 0	 1.006514e+00	 1.649620e-01	 1.900554e+00	 39	 53	 1	 6.632693e-01	 6.675899e-01	 
 1.205351e+00	 1.335179e+00	 1.172205e-06	 6.675899e-01	 1	 0	 7.879342e-01	 3.463032e-01	 1.900554e+00	 39	 53	 1	 8.472660e-01	 6.675899e-01	 
 1.205351e+00	 1.335179e+00	 1.172205e-06	 6.675899e-01	 1	 0	 9.865991e-01	 1.814841e-01	 1.900554e+00	 39	 53	 1	 6.766577e-01	 6.675899e-01	 
 1.205351e+00	 1.335179e+00	 1.172205e-06	 6.675899e-01	 1	 0	 1.076379e+00	 1.069992e-01	 1.900554e+00	 39	 53	 1	 6.202180e-01	 6.675899e-01	 
 1.205351e+00	 1.335179e+00	 1.172205e-06	 6.675899e-01	 1	 0	 8.095183e-01	 3.283963e-01	 1.900554e+00	 39	 53	 1	 8.246755e-01	 6.675899e-01	 
 1.205351e+00	 1.335179e+00	 1.172205e-06	 6.675899e-01	 1	 1	 1.234209e+00	 2.394180e-02	 1.900554e+00	 39	 53	 1	 5.409049e-01	 6.675899e-01	 
 1.205351e+00	 1.335179e+00	 1.172205e-06	 6.675899e-01	 1	 0	 9.511307e-01	 2.109098e-01	 1.900554e+00	 39	 53	 1	 7.018908e-01	 6.675899e-01	 
 1.205351e+00	 1.335179e+00	 1.172205e-06	 6.675899e-01	 1	 1	 1.269759e+00	 5.343520e-02	 1.900554e+00	 39	 53	 1	 5.257610e-01	 6.675899e-01	 
 1.205351e+00	 1.335179e+00	 1.172205e-06	 6.675899e-01	 1	 1	 1.283467e+00	 6.480738e-02	 1.900554e+00	 39	 53	 1	 5.201458e-01	 6.675899e-01	 
 1.205351e+00	 1.335179e+00	 1.172205e-06	 6.675899e-01	 1	 0	 1.136594e+00	 5.704335e-02	 1.900554e+00	 39	 53	 1	 5.873601e-01	 6.675899e-01	 
 1.205351e+00	 1.335179e+00	 1.172205e-06	 6.675899e-01	 1	 0	 7.788552e-01	 3.538354e-01	 1.900554e+00	 39	 53	 1	 8.571425e-01	 6.675899e-01	 
 1.205351e+00	 1.335179e+00	 1.172205e-06	 6.675899e-01	 1	 0	 9.017458e-01	 2.518813e-01	 1.900554e+00	 39	 53	 1	 7.403305e-01	 6.675899e-01	 
 1.205351e+00	 1.335179e+00	 1.172205e-06	 6.675899e-01	 1	 1	 1.239284e+00	 2.815210e-02	 1.900554e+00	 39	 53	 1	 5.386899e-01	 6.675899e-01	 
 1.205351e+00	 1.335179e+00	 1.172205e-06	 6.675899e-01	 1	 0	 9.683969e-01	 1.965852e-01	 1.900554e+00	 39	 53	 1	 6.893763e-01	 6.675899e-01	 
 1.205351e+00	 1.335179e+00	 1.172205e-06	 6.675899e-01	 1	 0	 7.430558e-01	 3.835358e-01	 1.900554e+00	 39	 53	 1	 8.984385e-01	 6.675899e-01	 
 1.205351e+00	 1.335179e+00	 1.172205e-06	 6.675899e-01	 1	 0	 8.254691e-01	 3.151629e-01	 1.900554e+00	 39	 53	 1	 8.087400e-01	 6.675899e-01	 
 1.205351e+00	 1.335179e+00	 1.172205e-06	 6.675899e-01	 1	 0	 9.864908e-01	 1.815739e-01	 1.900554e+00	 39	 53	 1	 6.767320e-01	 6.675899e-01	 
 1.205351e+00	 1.335179e+00	 1.172205e-06	 6.675899e-01	 1	 0	 8.091038e-01	 3.287402e-01	 1.900554e+00	 39	 53	 1	 8.250979e-01	 6.675899e-01	 
 1.205351e+00	 1.335179e+00	 1.172205e-06	 6.675899e-01	 1	 0	 1.073750e+00	 1.091809e-01	 1.900554e+00	 39	 53	 1	 6.217369e-01	 6.675899e-01	 
